日期 开盘价 收盘价 最高价 最低价 成交量（手） 成交额（万元） 换手率 涨跌额 涨跌幅（%）
20211108 36.23 35.45 36.38 35.2 83266.13 29567 0.00% -0.84 -2.31%
20211105 36.16 36.29 36.66 36.08 80850.28 29411 0.00% 0.23 0.64%
20211104 35.98 36.06 36.36 35.78 109602.87 39524 0.00% 0.41 1.15%
20211103 34.68 35.65 35.78 34.68 132559.18 47003 0.00% 1.02 2.95%
20211102 34.37 34.63 35.36 34.08 120077.04 41870 0.00% 0.27 0.79%
20211101 32.94 34.36 34.56 32.75 101133.54 34287 0.00% 1.31 3.96%
20211029 33.25 33.05 33.5 32.88 60376.87 20004 0.00% -0.20 -0.60%
20211028 32.71 33.25 33.72 32.71 80094.70 26657 0.00% 0.19 0.57%
20211027 33.79 33.06 34.0 32.84 84943.16 28188 0.00% -0.76 -2.25%
20211026 33.5 33.82 34.14 33.49 71529.01 24217 0.00% 0.04 0.12%
20211025 34.6 33.78 35.16 33.35 143789.69 48764 0.00% -0.98 -2.82%
20211022 34.02 34.76 34.89 33.69 97306.31 33681 0.00% 0.92 2.72%
20211021 33.85 33.84 34.63 33.55 100912.15 34359 0.00% 0.02 0.06%
20211020 33.99 33.82 34.18 33.45 130177.79 44115 0.00% -0.05 -0.15%
20211019 32.35 33.87 34.4 32.31 233471.97 78794 0.00% 1.23 3.77%
20211018 31.6 32.64 33.3 30.04 243398.18 77336 0.00% 0.58 1.81%
20211015 32.57 32.06 32.63 31.41 239761.64 76875 0.00% -2.12 -6.20%
20211014 34.1 34.18 34.33 33.67 64031.76 21789 0.00% 0.06 0.18%
20211013 33.4 34.12 34.14 33.3 60349.59 20441 0.00% 0.80 2.40%
20211012 33.83 33.32 34.09 33.01 64974.59 21819 0.00% -0.60 -1.77%
20211011 33.65 33.92 34.55 33.4 76032.48 25784 0.00% 0.23 0.68%
20211008 34.59 33.69 34.82 33.58 66573.79 22671 0.00% -0.24 -0.71%
20210930 33.51 33.93 34.08 33.44 52587.07 17817 0.00% 0.43 1.28%
20210929 33.2 33.5 34.22 33.08 80369.20 27046 0.00% -0.19 -0.56%
20210928 32.8 33.69 33.88 32.79 75931.32 25414 0.00% 0.69 2.09%
20210927 33.93 33.0 34.47 33.0 102874.23 34617 0.00% -0.88 -2.60%
20210924 33.08 33.88 34.33 32.81 94243.44 31720 0.00% 0.81 2.45%
20210923 33.0 33.07 33.39 32.7 71433.76 23645 0.00% 0.18 0.55%
20210922 33.58 32.89 33.58 32.84 67602.18 22341 0.00% -1.06 -3.12%
20210917 33.0 33.95 34.2 33.0 100577.07 33862 0.00% 1.35 4.14%
20210916 33.43 32.6 34.04 32.57 95113.91 31448 0.00% -0.86 -2.57%
20210915 33.94 33.46 33.94 33.08 80754.69 26997 0.00% -0.48 -1.41%
20210914 33.98 33.94 35.16 33.7 140198.79 48179 0.00% 0.10 0.30%
20210913 34.3 33.84 34.83 33.75 137952.01 47009 0.00% -0.46 -1.34%
20210910 34.77 34.3 34.97 33.36 171966.95 58555 0.00% -0.65 -1.86%
20210909 36.23 34.95 36.48 34.8 154326.16 54584 0.00% -1.58 -4.33%
20210908 36.15 36.53 36.6 35.65 109129.80 39609 0.00% 0.50 1.39%
20210907 35.83 36.03 36.46 35.33 77148.91 27713 0.00% 0.20 0.56%
20210906 35.49 35.83 36.0 34.88 96927.31 34429 0.00% 0.34 0.96%
20210903 35.3 35.49 35.81 34.76 108012.41 38338 0.00% 0.23 0.65%
20210902 35.76 35.26 36.12 34.95 163323.42 57629 0.00% -1.03 -2.84%
20210901 35.78 36.29 36.58 34.8 143323.04 51142 0.00% 0.50 1.40%
20210831 35.42 35.79 35.9 34.8 132237.58 46817 0.00% 0.06 0.17%
20210830 36.13 35.73 36.55 35.39 125720.76 45275 0.00% -0.23 -0.64%
20210827 35.81 35.96 36.18 35.33 144503.14 51722 0.00% -0.22 -0.61%
20210826 36.15 36.18 36.61 36.01 73845.61 26830 0.00% 0.10 0.28%
20210825 36.98 36.08 37.02 35.99 136606.73 49527 0.00% -0.89 -2.41%
20210824 37.0 36.97 37.51 36.63 118342.92 43802 0.00% 0.25 0.68%
20210823 36.19 36.72 37.14 35.92 106669.97 39152 0.00% 0.68 1.89%
20210820 36.01 36.04 36.48 35.7 107643.05 38756 0.00% -0.45 -1.23%
20210819 36.66 36.49 37.5 36.2 97636.94 35757 0.00% -0.11 -0.30%
20210818 36.09 36.6 37.6 35.9 106986.91 39266 0.00% 0.51 1.41%
20210817 38.03 36.09 38.03 35.9 171215.80 62754 0.00% -1.76 -4.65%
20210816 37.93 37.85 38.28 37.1 95778.08 36159 0.00% -0.05 -0.13%
20210813 38.58 37.9 39.1 37.6 135401.60 51676 0.00% -0.74 -1.92%
20210812 39.31 38.64 39.95 38.49 144315.48 56318 0.00% -0.59 -1.50%
20210811 39.9 39.23 40.6 38.9 110846.08 43746 0.00% -1.02 -2.53%
20210810 41.24 40.25 42.08 39.59 158421.01 64549 0.00% -0.98 -2.38%
20210809 42.1 41.23 43.17 41.0 189707.06 79690 0.00% -0.63 -1.51%
20210806 42.31 41.86 42.8 41.61 92737.42 38918 0.00% -0.33 -0.78%
20210805 42.2 42.19 42.5 41.47 131204.43 55153 0.00% -0.06 -0.14%
20210804 40.08 42.25 42.73 39.72 214138.29 89065 0.00% 2.52 6.34%
20210803 40.5 39.73 40.52 39.4 137142.74 54588 0.00% -0.48 -1.19%
20210802 40.48 40.21 41.38 40.0 147049.46 59722 0.00% -0.26 -0.64%
20210730 40.4 40.47 40.75 39.65 160875.12 64732 0.00% 0.42 1.05%
20210729 39.01 40.05 40.38 38.6 171883.83 68209 0.00% 1.95 5.12%
20210728 38.18 38.1 39.09 36.0 191930.65 72598 0.00% -0.66 -1.70%
20210727 40.0 38.76 41.45 38.51 202934.16 81264 0.00% -1.59 -3.94%
20210726 40.0 40.35 41.2 38.97 186476.27 74745 0.00% 0.45 1.13%
20210723 40.69 39.9 40.88 39.71 95679.12 38502 0.00% -0.89 -2.18%
20210722 39.77 40.79 41.5 39.7 160057.71 65047 0.00% 0.79 1.97%
20210721 38.1 40.0 40.56 37.82 189365.65 74625 0.00% 2.03 5.35%
20210720 37.9 37.97 38.23 37.51 67512.79 25568 0.00% 0.14 0.37%
20210719 38.25 37.83 39.09 37.3 111344.58 42319 0.00% -0.55 -1.43%
20210716 38.87 38.38 39.25 38.0 131185.70 50800 0.00% 0.13 0.34%
20210715 39.28 38.25 39.53 37.37 233888.01 89296 0.00% -1.01 -2.57%
20210714 39.44 39.26 39.96 38.9 73898.42 29143 0.00% -0.53 -1.33%
20210713 40.01 39.79 40.01 39.01 101712.44 40286 0.00% -0.23 -0.57%
20210712 38.98 40.02 40.39 38.75 172606.65 68616 0.00% 1.12 2.88%
20210709 39.06 38.9 39.28 37.99 147392.59 57094 0.00% -0.68 -1.72%
20210708 39.26 39.58 40.49 39.01 152134.74 60335 0.00% 0.33 0.84%
20210707 38.0 39.25 39.45 37.52 143468.64 55734 0.00% 0.89 2.32%
20210706 38.95 38.36 39.62 37.68 156619.94 60367 0.00% -0.57 -1.46%
20210705 38.02 38.93 39.3 37.4 174709.49 67676 0.00% 1.68 4.51%
20210702 37.2 37.25 38.12 36.9 155088.83 58114 0.00% 0.65 1.78%
20210701 38.0 36.6 38.7 36.6 208045.09 77789 0.00% -2.17 -5.60%
20210630 38.61 38.77 39.53 37.78 109480.42 42539 0.00% 0.47 1.23%
20210629 38.32 38.3 38.76 37.61 91491.57 34879 0.00% -0.09 -0.23%
20210628 36.72 38.39 39.0 36.72 144685.28 55562 0.00% 1.51 4.09%
20210625 37.37 36.88 37.55 36.36 103814.61 38237 0.00% -0.29 -0.78%
20210624 37.54 37.17 37.6 36.28 136946.95 50662 0.00% -0.12 -0.32%
20210623 36.38 37.29 37.9 36.11 190592.42 70897 0.00% 0.82 2.25%
20210622 34.75 36.47 36.6 34.5 212503.39 76223 0.00% 1.72 4.95%
20210621 34.24 34.75 35.48 34.05 190513.90 66437 0.00% 0.40 1.16%
20210618 34.89 34.35 34.92 34.17 178420.92 61625 0.00% -0.55 -1.58%
20210617 32.77 34.9 35.17 32.72 262896.40 90953 0.00% 2.14 6.53%
20210616 33.95 32.76 33.95 32.66 127591.15 42325 0.00% -1.21 -3.56%
20210615 33.49 33.97 34.5 33.16 157052.51 53189 0.00% 0.67 2.01%
20210611 33.56 33.3 34.1 32.82 135737.70 45422 0.00% -0.22 -0.66%
20210610 33.48 33.52 34.14 33.45 120479.23 40605 0.00% 0.32 0.96%
20210609 33.6 33.2 34.29 33.11 154892.14 52004 0.00% 0.30 0.91%
20210608 33.11 32.9 33.44 32.55 90643.12 29867 0.00% -0.21 -0.63%
20210607 33.0 33.11 33.5 32.5 147833.90 48805 0.00% 0.17 0.52%
20210604 30.3 32.94 33.15 30.01 266945.48 85840 0.00% 2.62 8.64%
20210603 31.2 30.32 31.3 30.3 123385.65 37929 0.00% -1.04 -3.32%
20210602 31.0 31.36 31.5 30.35 153802.04 47529 0.00% 0.01 0.03%
20210601 31.71 31.35 32.32 31.19 154484.99 48943 0.00% -0.31 -0.98%
20210531 32.26 31.66 32.38 31.27 123579.18 39104 0.00% -0.42 -1.31%
20210528 32.28 32.08 32.55 31.66 131153.43 42170 0.00% 0.04 0.12%
20210527 31.25 32.04 32.64 31.22 212939.36 68194 0.00% 0.89 2.86%
20210526 31.6 31.15 31.7 30.78 138345.49 43244 0.00% -0.43 -1.36%
20210525 31.3 31.58 31.62 30.84 111981.27 35088 0.00% 0.46 1.48%
20210524 31.31 31.12 31.6 30.37 124424.23 38515 0.00% -0.10 -0.32%
20210521 31.3 31.22 31.68 30.9 98083.98 30651 0.00% 0.22 0.71%
20210520 30.8 31.0 31.21 30.47 70440.69 21744 0.00% 0.21 0.68%
20210519 30.86 30.79 31.3 30.4 81678.29 25188 0.00% -0.17 -0.55%
20210518 31.27 30.96 31.49 30.81 61558.63 19112 0.00% -0.22 -0.71%
20210517 31.03 31.18 31.7 30.73 152580.08 47691 0.00% 0.00 0.00%
20210514 30.64 31.18 31.3 30.2 125175.33 38676 0.00% 0.68 2.23%
20210513 30.36 30.5 30.87 30.05 121282.96 36956 0.00% 0.01 0.03%
20210512 30.95 30.49 31.1 29.9 151915.73 46175 0.00% -0.45 -1.45%
20210511 32.01 30.94 32.1 30.41 166594.67 51562 0.00% -0.43 -1.37%
20210510 32.0 31.37 32.41 31.16 144408.03 45896 0.00% -0.70 -2.18%
20210507 33.74 32.07 33.9 32.0 143404.24 46956 0.00% -1.49 -4.44%
20210506 33.9 33.56 34.24 33.05 124984.95 42036 0.00% -0.59 -1.73%
20210430 34.08 34.15 34.48 33.31 113413.85 38527 0.00% -0.18 -0.52%
20210429 35.06 34.33 35.14 34.2 109028.51 37612 0.00% -0.68 -1.94%
20210428 34.83 35.01 35.3 34.58 83927.55 29351 0.00% 0.18 0.52%
20210427 35.25 34.83 35.89 34.81 87938.06 30994 0.00% -0.31 -0.88%
20210426 36.76 35.14 36.88 34.92 161373.51 57697 0.00% -1.22 -3.36%
20210423 36.26 36.36 36.96 35.73 119695.51 43380 0.00% 0.11 0.30%
20210422 36.44 36.25 36.66 35.91 97778.26 35414 0.00% -0.11 -0.30%
20210421 36.73 36.36 36.8 36.05 82359.86 29947 0.00% -0.22 -0.60%
20210420 37.23 36.58 37.39 36.29 156950.83 57700 0.00% -0.88 -2.35%
20210419 36.36 37.46 37.73 35.91 223730.39 82496 0.00% 0.61 1.66%
20210416 36.3 36.85 37.12 35.48 148982.30 54435 0.00% 0.62 1.71%
20210415 36.08 36.23 36.47 35.53 70254.46 25326 0.00% 0.08 0.22%
20210414 36.38 36.15 36.82 35.75 88269.94 32041 0.00% 0.38 1.06%
20210413 35.9 35.77 36.68 35.45 90055.02 32472 0.00% -0.13 -0.36%
20210412 37.5 35.9 37.83 35.8 142058.34 51778 0.00% -1.19 -3.21%
20210409 36.88 37.09 37.96 36.76 162246.43 60451 0.00% 0.07 0.19%
20210408 34.22 37.02 37.54 34.02 264498.25 95955 0.00% 2.72 7.93%
20210407 35.25 34.3 35.48 33.22 254876.75 87829 0.00% -0.52 -1.49%
20210406 33.85 34.82 34.82 33.85 175003.10 60679 0.00% 3.17 10.02%
20210402 32.81 31.65 34.5 31.21 221038.10 72448 0.00% -1.01 -3.09%
20210401 32.88 32.66 33.29 32.23 104705.86 34156 0.00% -0.52 -1.57%
20210331 33.39 33.18 33.72 32.58 80739.69 26650 0.00% -0.34 -1.01%
20210330 33.71 33.52 34.34 33.3 94015.98 31626 0.00% -0.19 -0.56%
20210329 34.9 33.71 34.99 33.7 124267.62 42380 0.00% -1.09 -3.13%
20210326 33.32 34.8 34.91 33.32 117176.82 40230 0.00% 1.56 4.69%
20210325 33.5 33.24 34.23 33.0 77334.33 25937 0.00% -0.31 -0.92%
20210324 33.89 33.55 34.4 33.24 74932.32 25186 0.00% -0.70 -2.04%
20210323 34.48 34.25 35.08 33.82 82507.26 28350 0.00% 0.17 0.50%
20210322 33.96 34.08 35.12 33.82 68222.41 23402 0.00% 0.00 0.00%
20210319 33.0 34.08 34.17 32.76 96267.90 32459 0.00% 0.53 1.58%
20210318 33.45 33.55 34.16 33.22 79944.72 26895 0.00% 0.25 0.75%
20210317 33.56 33.3 34.38 33.18 98140.62 32955 0.00% -0.39 -1.16%
20210316 34.53 33.69 34.61 32.45 179629.46 60146 0.00% -1.05 -3.02%
20210315 35.7 34.74 35.7 33.72 191968.63 66554 0.00% -1.26 -3.50%
20210312 33.61 36.0 36.52 33.4 246052.87 87034 0.00% 2.06 6.07%
20210311 32.59 33.94 33.94 32.15 105506.80 35051 0.00% 1.25 3.82%
