日期 开盘价 收盘价 最高价 最低价 成交量（手） 成交额（万元） 换手率 涨跌额 涨跌幅（%）
20211108 4.65 4.65 4.69 4.64 6126.79 286 0.00% 0.01 0.22%
20211105 4.69 4.64 4.7 4.64 6858.89 320 0.00% -0.06 -1.28%
20211104 4.73 4.7 4.73 4.69 10282.79 484 0.00% -0.01 -0.21%
20211103 4.67 4.71 4.73 4.63 12604.79 590 0.00% 0.04 0.86%
20211102 4.81 4.67 4.81 4.62 38589.00 1816 0.00% -0.15 -3.11%
20211101 4.96 4.82 5.12 4.8 57960.78 2839 0.00% -0.14 -2.82%
20211029 5.06 4.96 5.41 4.91 100733.95 5145 0.00% 0.04 0.81%
20211028 4.83 4.92 4.92 4.8 23942.89 1165 0.00% 0.07 1.44%
20211027 4.84 4.85 4.86 4.8 16954.44 818 0.00% 0.01 0.21%
20211026 4.85 4.84 4.87 4.82 18614.29 900 0.00% 0.00 0.00%
20211025 4.83 4.84 4.84 4.78 8967.25 432 0.00% 0.01 0.21%
20211022 4.8 4.83 4.84 4.77 12943.72 623 0.00% 0.03 0.63%
20211021 4.81 4.8 4.82 4.77 10141.82 487 0.00% -0.01 -0.21%
20211020 4.8 4.81 4.81 4.74 10551.01 503 0.00% 0.01 0.21%
20211019 4.79 4.8 4.82 4.78 11216.00 538 0.00% 0.00 0.00%
20211018 4.82 4.8 4.83 4.75 12314.29 589 0.00% -0.02 -0.41%
20211015 4.91 4.82 4.91 4.82 13691.00 663 0.00% -0.11 -2.23%
20211014 4.93 4.93 4.96 4.91 5368.00 265 0.00% 0.00 0.00%
20211013 4.9 4.93 4.94 4.88 7253.01 357 0.00% 0.02 0.41%
20211012 4.93 4.91 4.96 4.88 8924.82 439 0.00% -0.04 -0.81%
20211011 4.97 4.95 4.97 4.93 9264.00 458 0.00% 0.00 0.00%
20211008 4.88 4.95 4.96 4.87 12798.82 630 0.00% 0.07 1.43%
20210930 4.83 4.88 4.89 4.82 6974.00 339 0.00% 0.05 1.04%
20210929 4.9 4.83 4.9 4.82 10119.00 491 0.00% -0.08 -1.63%
20210928 4.91 4.91 4.93 4.88 8593.00 421 0.00% 0.00 0.00%
20210927 5.01 4.91 5.02 4.91 15624.73 772 0.00% -0.10 -2.00%
20210924 5.06 5.01 5.08 5.0 9603.60 484 0.00% -0.06 -1.18%
20210923 5.05 5.07 5.09 5.01 13649.10 691 0.00% 0.04 0.80%
20210922 5.0 5.03 5.05 4.98 8910.00 446 0.00% -0.01 -0.20%
20210917 5.07 5.04 5.11 4.98 14569.01 732 0.00% -0.05 -0.98%
20210916 5.08 5.09 5.15 5.05 20303.00 1037 0.00% 0.03 0.59%
20210915 5.06 5.06 5.09 5.02 13131.01 663 0.00% 0.01 0.20%
20210914 5.1 5.05 5.22 5.05 23365.00 1198 0.00% -0.05 -0.98%
20210913 5.07 5.1 5.1 5.04 12936.52 656 0.00% 0.01 0.20%
20210910 5.11 5.09 5.16 5.08 14920.00 763 0.00% -0.03 -0.59%
20210909 5.13 5.12 5.13 5.09 19573.00 1000 0.00% 0.01 0.20%
20210908 5.04 5.11 5.12 5.03 25324.99 1284 0.00% 0.08 1.59%
20210907 5.02 5.03 5.05 4.99 21686.00 1090 0.00% 0.03 0.60%
20210906 4.99 5.0 5.02 4.98 16912.00 846 0.00% 0.01 0.20%
20210903 4.99 4.99 5.01 4.96 15527.00 775 0.00% 0.01 0.20%
20210902 4.99 4.98 5.0 4.95 10291.25 512 0.00% 0.01 0.20%
20210901 4.9 4.97 4.97 4.89 13016.40 643 0.00% 0.05 1.02%
20210831 4.91 4.92 4.93 4.88 7271.53 357 0.00% -0.01 -0.20%
20210830 4.99 4.93 4.99 4.88 18352.96 901 0.00% -0.05 -1.00%
20210827 4.97 4.98 5.01 4.95 15890.45 791 0.00% 0.01 0.20%
20210826 5.02 4.97 5.02 4.93 9654.87 480 0.00% -0.03 -0.60%
20210825 4.95 5.0 5.01 4.93 12495.32 620 0.00% 0.07 1.42%
20210824 4.93 4.93 4.96 4.91 7717.64 380 0.00% 0.00 0.00%
20210823 4.81 4.93 5.01 4.8 17973.57 888 0.00% 0.11 2.28%
20210820 4.86 4.82 4.86 4.79 6846.00 330 0.00% -0.04 -0.82%
20210819 4.91 4.86 4.92 4.84 8151.00 398 0.00% -0.05 -1.02%
20210818 4.88 4.91 4.93 4.88 6780.00 332 0.00% 0.00 0.00%
20210817 4.93 4.91 4.97 4.91 8468.66 418 0.00% -0.03 -0.61%
20210816 4.95 4.94 4.95 4.91 8465.44 418 0.00% 0.01 0.20%
20210813 4.91 4.93 4.95 4.88 9307.50 458 0.00% 0.02 0.41%
20210812 4.9 4.91 4.94 4.88 7018.20 344 0.00% 0.01 0.20%
20210811 4.89 4.9 4.96 4.87 16225.02 799 0.00% 0.01 0.20%
20210810 4.86 4.89 4.89 4.85 7607.25 371 0.00% 0.03 0.62%
20210809 4.8 4.86 4.87 4.8 8454.96 410 0.00% 0.04 0.83%
20210806 4.86 4.82 4.86 4.8 8169.96 394 0.00% -0.06 -1.23%
20210805 4.84 4.88 4.91 4.84 9664.89 472 0.00% 0.02 0.41%
20210804 4.87 4.86 4.89 4.84 6471.51 315 0.00% 0.00 0.00%
20210803 4.85 4.86 4.91 4.83 13560.18 661 0.00% 0.01 0.21%
20210802 4.77 4.85 4.86 4.75 11029.78 531 0.00% 0.07 1.46%
20210730 4.79 4.78 4.79 4.73 9377.28 447 0.00% -0.01 -0.21%
20210729 4.83 4.79 4.83 4.78 8571.51 411 0.00% 0.00 0.00%
20210728 4.84 4.79 4.84 4.74 16363.18 781 0.00% -0.04 -0.83%
20210727 4.9 4.83 4.93 4.79 16291.00 793 0.00% -0.09 -1.83%
20210726 5.02 4.92 5.03 4.87 21639.22 1069 0.00% -0.10 -1.99%
20210723 5.06 5.02 5.06 5.02 8776.18 441 0.00% -0.04 -0.79%
20210722 5.07 5.06 5.07 5.04 9537.42 482 0.00% 0.00 0.00%
20210721 5.05 5.06 5.08 5.02 8643.60 437 0.00% 0.01 0.20%
20210720 5.02 5.05 5.05 5.01 6216.26 313 0.00% 0.02 0.40%
20210719 5.11 5.03 5.13 5.03 14494.42 733 0.00% -0.08 -1.57%
20210716 5.12 5.11 5.14 5.1 10986.41 562 0.00% -0.03 -0.58%
20210715 5.18 5.14 5.18 5.1 17420.02 893 0.00% -0.04 -0.77%
20210714 5.18 5.18 5.21 5.16 10646.51 552 0.00% -0.02 -0.38%
20210713 5.16 5.2 5.2 5.16 13866.21 718 0.00% 0.01 0.19%
20210712 5.18 5.19 5.21 5.12 22332.16 1154 0.00% -0.04 -0.76%
20210709 5.16 5.23 5.34 5.14 21518.88 1126 0.00% 0.06 1.16%
20210708 5.2 5.17 5.2 5.16 10385.00 537 0.00% -0.03 -0.58%
20210707 5.19 5.2 5.21 5.17 8526.06 442 0.00% 0.01 0.19%
20210706 5.2 5.19 5.2 5.16 9909.06 513 0.00% 0.01 0.19%
20210705 5.18 5.18 5.19 5.15 9559.06 494 0.00% 0.02 0.39%
20210702 5.24 5.16 5.24 5.15 21543.00 1118 0.00% -0.09 -1.71%
20210701 5.27 5.25 5.29 5.23 15176.01 797 0.00% -0.01 -0.19%
20210630 5.24 5.26 5.27 5.22 14379.75 755 0.00% 0.02 0.38%
20210629 5.24 5.24 5.26 5.22 12612.44 661 0.00% -0.02 -0.38%
20210628 5.27 5.26 5.28 5.23 14802.29 778 0.00% -0.01 -0.19%
20210625 5.24 5.27 5.28 5.23 13628.00 716 0.00% 0.03 0.57%
20210624 5.28 5.24 5.29 5.23 15964.81 837 0.00% -0.04 -0.76%
20210623 5.3 5.28 5.3 5.26 12469.66 657 0.00% 0.00 0.00%
20210622 5.28 5.28 5.3 5.26 16572.55 875 0.00% 0.01 0.19%
20210621 5.25 5.27 5.28 5.22 24377.39 1279 0.00% 0.01 0.19%
20210618 5.29 5.26 5.3 5.22 21880.84 1147 0.00% -0.01 -0.19%
20210617 5.26 5.27 5.3 5.25 19234.00 1013 0.00% -0.01 -0.19%
20210616 5.3 5.28 5.32 5.25 16508.01 872 0.00% -0.03 -0.56%
20210615 5.4 5.31 5.4 5.28 30950.86 1646 0.00% -0.08 -1.48%
20210611 5.4 5.39 5.44 5.37 28528.04 1540 0.00% -0.01 -0.19%
20210610 5.43 5.4 5.51 5.38 54692.26 2968 0.00% -0.09 -1.64%
20210609 5.55 5.49 5.62 5.45 67030.85 3693 0.00% -0.08 -1.44%
20210608 5.94 5.57 5.94 5.54 138047.82 7889 0.00% -0.46 -7.63%
20210607 5.51 6.03 6.1 5.43 177809.77 10242 0.00% 0.26 4.51%
20210604 5.26 5.77 5.77 5.26 72278.18 3917 0.00% 0.47 8.87%
20210603 5.24 5.3 5.3 5.23 18659.69 983 0.00% 0.05 0.95%
20210602 5.3 5.25 5.3 5.24 13940.62 732 0.00% -0.03 -0.57%
20210601 5.26 5.28 5.3 5.25 15963.77 842 0.00% 0.03 0.57%
20210531 5.23 5.25 5.27 5.21 12311.84 646 0.00% 0.02 0.38%
20210528 5.27 5.23 5.28 5.23 14127.45 742 0.00% -0.07 -1.32%
20210527 5.37 5.3 5.37 5.28 24662.17 1310 0.00% -0.06 -1.12%
20210526 5.26 5.36 5.37 5.26 34601.47 1841 0.00% 0.08 1.52%
20210525 5.28 5.28 5.28 5.24 10833.55 570 0.00% 0.02 0.38%
20210524 5.25 5.26 5.27 5.23 12468.01 655 0.00% 0.03 0.57%
20210521 5.24 5.23 5.26 5.21 11202.00 587 0.00% 0.00 0.00%
20210520 5.2 5.23 5.26 5.19 17033.19 889 0.00% 0.01 0.19%
20210519 5.26 5.22 5.29 5.21 33864.00 1771 0.00% -0.07 -1.32%
20210518 5.34 5.29 5.35 5.27 16251.29 862 0.00% -0.03 -0.56%
20210517 5.37 5.32 5.37 5.32 9430.00 503 0.00% -0.07 -1.30%
20210514 5.33 5.39 5.39 5.29 15156.00 809 0.00% 0.06 1.13%
20210513 5.31 5.33 5.34 5.28 11486.00 610 0.00% 0.01 0.19%
20210512 5.28 5.32 5.33 5.25 9285.94 492 0.00% 0.03 0.57%
20210511 5.28 5.29 5.3 5.22 16492.73 868 0.00% 0.02 0.38%
20210510 5.37 5.27 5.38 5.25 33285.23 1764 0.00% -0.10 -1.86%
20210507 5.41 5.37 5.43 5.36 16108.08 868 0.00% -0.04 -0.74%
20210506 5.41 5.41 5.42 5.35 11145.00 601 0.00% 0.00 0.00%
20210430 5.49 5.41 5.5 5.37 19340.20 1050 0.00% -0.09 -1.64%
20210429 5.48 5.5 5.52 5.46 11693.00 643 0.00% 0.01 0.18%
20210428 5.49 5.49 5.5 5.46 9415.00 517 0.00% 0.02 0.37%
20210427 5.5 5.47 5.5 5.43 12706.00 693 0.00% 0.00 0.00%
20210426 5.51 5.47 5.52 5.46 12887.20 707 0.00% -0.04 -0.73%
20210423 5.54 5.51 5.57 5.5 15817.00 874 0.00% -0.06 -1.08%
20210422 5.64 5.57 5.64 5.56 13134.07 733 0.00% 0.01 0.18%
20210421 5.68 5.56 5.68 5.55 19365.63 1083 0.00% -0.10 -1.77%
20210420 5.64 5.66 5.71 5.62 32093.82 1818 0.00% 0.01 0.18%
20210419 5.65 5.65 5.68 5.63 23842.58 1349 0.00% 0.00 0.00%
20210416 5.58 5.65 5.69 5.56 31549.63 1782 0.00% 0.02 0.36%
20210415 5.6 5.63 5.69 5.55 37699.23 2115 0.00% -0.01 -0.18%
20210414 5.5 5.64 5.68 5.43 62114.48 3477 0.00% 0.17 3.11%
20210413 5.62 5.47 5.62 5.46 33903.84 1863 0.00% -0.16 -2.84%
20210412 5.57 5.63 5.69 5.53 46149.91 2594 0.00% 0.05 0.90%
20210409 5.52 5.58 5.6 5.51 24142.28 1344 0.00% 0.06 1.09%
20210408 5.58 5.52 5.59 5.5 18693.41 1036 0.00% -0.04 -0.72%
20210407 5.5 5.56 5.57 5.49 19104.18 1057 0.00% 0.06 1.09%
20210406 5.48 5.5 5.52 5.46 18094.72 993 0.00% 0.00 0.00%
20210402 5.47 5.5 5.51 5.46 13557.80 743 0.00% 0.02 0.36%
20210401 5.49 5.48 5.5 5.45 17366.15 951 0.00% -0.02 -0.36%
20210331 5.45 5.5 5.54 5.45 15364.11 844 0.00% 0.02 0.36%
20210330 5.52 5.48 5.53 5.47 18081.00 994 0.00% -0.04 -0.72%
20210329 5.62 5.52 5.64 5.52 35583.33 1977 0.00% -0.13 -2.30%
20210326 5.58 5.65 5.65 5.53 35029.34 1950 0.00% 0.05 0.89%
20210325 5.74 5.6 5.75 5.57 43974.22 2474 0.00% -0.23 -3.95%
20210324 5.74 5.83 5.9 5.74 26087.75 1520 0.00% 0.00 0.00%
20210323 5.75 5.83 5.85 5.67 28313.07 1628 0.00% 0.11 1.92%
20210322 5.64 5.72 5.78 5.64 23059.64 1322 0.00% 0.03 0.53%
20210319 5.6 5.69 5.74 5.6 19501.00 1108 0.00% 0.00 0.00%
20210318 5.72 5.69 5.74 5.65 22324.69 1273 0.00% 0.00 0.00%
20210317 5.75 5.69 5.75 5.64 21745.00 1233 0.00% 0.03 0.53%
20210316 5.66 5.66 5.68 5.6 24100.90 1360 0.00% -0.01 -0.18%
20210315 5.55 5.67 5.67 5.53 29161.51 1639 0.00% 0.12 2.16%
20210312 5.55 5.55 5.56 5.49 18239.77 1008 0.00% 0.00 0.00%
20210311 5.51 5.55 5.57 5.48 11676.39 646 0.00% 0.04 0.73%
