日期 开盘价 收盘价 最高价 最低价 成交量（手） 成交额（万元） 换手率 涨跌额 涨跌幅（%）
20211108 6.85 6.65 6.94 6.57 1256192.65 84347 0.00% -0.21 -3.06%
20211105 7.38 6.86 7.41 6.84 1497643.39 105319 0.00% -0.45 -6.16%
20211104 7.4 7.31 7.53 7.29 1196492.78 88612 0.00% -0.06 -0.81%
20211103 7.28 7.37 7.43 6.96 1525403.73 110741 0.00% 0.13 1.80%
20211102 7.78 7.24 7.78 7.09 2005051.07 147619 0.00% -0.46 -5.97%
20211101 7.4 7.7 7.92 7.37 2224460.61 172072 0.00% 0.14 1.85%
20211029 6.99 7.56 7.68 6.62 2495619.65 178415 0.00% 0.57 8.15%
20211028 6.8 6.99 7.32 6.66 2406236.22 167950 0.00% 0.28 4.17%
20211027 6.51 6.71 6.8 6.41 2081049.74 138147 0.00% 0.37 5.84%
20211026 6.41 6.34 6.84 6.32 1753849.30 114877 0.00% 0.06 0.96%
20211025 6.12 6.28 6.45 6.07 961984.05 60535 0.00% 0.17 2.78%
20211022 6.37 6.11 6.48 6.07 1130354.53 70450 0.00% -0.31 -4.83%
20211021 6.59 6.42 6.62 6.39 978179.36 63286 0.00% -0.14 -2.13%
20211020 6.23 6.56 6.67 6.23 1411454.06 91826 0.00% 0.29 4.63%
20211019 6.27 6.27 6.45 6.12 1344275.40 84891 0.00% -0.01 -0.16%
20211018 5.9 6.28 6.49 5.9 2044973.62 128359 0.00% 0.38 6.44%
20211015 5.75 5.9 6.07 5.56 1523474.96 88712 0.00% 0.08 1.37%
20211014 5.79 5.82 6.08 5.5 2037461.66 117291 0.00% -0.26 -4.28%
20211013 6.21 6.08 6.4 6.08 1104834.93 67890 0.00% -0.68 -10.06%
20211012 6.88 6.76 7.01 6.76 1266561.05 86439 0.00% -0.75 -9.99%
20211011 8.0 7.51 8.17 7.4 3485025.62 273019 0.00% 0.08 1.08%
20210915 7.16 7.43 7.58 7.1 1121429.80 82670 0.00% 0.27 3.77%
20210914 7.42 7.16 7.45 7.08 973121.67 70230 0.00% -0.24 -3.24%
20210913 7.65 7.4 7.68 7.25 1124025.81 82788 0.00% 0.02 0.27%
20210910 7.5 7.38 7.97 7.35 1796794.48 137576 0.00% -0.04 -0.54%
20210909 7.43 7.42 7.63 7.19 1507079.85 112030 0.00% -0.15 -1.98%
20210908 7.61 7.57 7.81 7.41 2024804.55 153540 0.00% 0.16 2.16%
20210907 7.68 7.41 7.75 7.34 1350205.08 100493 0.00% -0.01 -0.13%
20210906 7.55 7.42 7.92 7.22 2739963.78 207615 0.00% 0.02 0.27%
20210903 6.97 7.4 7.41 6.95 3462175.83 251077 0.00% 0.66 9.79%
20210902 6.13 6.74 6.74 6.13 2161327.20 143084 0.00% 0.61 9.95%
20210901 6.45 6.13 6.48 6.1 1052079.54 65894 0.00% -0.22 -3.46%
20210831 6.24 6.35 6.41 6.14 944529.35 59187 0.00% 0.11 1.76%
20210830 6.48 6.24 6.58 6.23 1199271.54 76663 0.00% -0.17 -2.65%
20210827 6.94 6.41 6.98 6.37 2061479.87 135894 0.00% -0.30 -4.47%
20210826 6.03 6.71 6.71 6.0 1606179.77 102549 0.00% 0.61 10.00%
20210825 6.19 6.1 6.19 6.02 851263.66 51645 0.00% -0.10 -1.61%
20210824 6.15 6.2 6.37 6.1 952600.43 59387 0.00% 0.01 0.16%
20210823 6.25 6.19 6.32 6.01 1023602.50 62867 0.00% -0.03 -0.48%
20210820 6.21 6.22 6.33 6.09 1014450.10 62859 0.00% 0.03 0.48%
20210819 6.11 6.19 6.31 6.01 974491.85 60036 0.00% 0.08 1.31%
20210818 5.99 6.11 6.25 5.94 750132.87 45863 0.00% 0.10 1.66%
20210817 6.19 6.01 6.43 5.99 1143265.82 70932 0.00% -0.11 -1.80%
20210816 6.1 6.12 6.25 6.05 692533.25 42604 0.00% -0.06 -0.97%
20210813 6.31 6.18 6.52 6.16 1299047.25 81668 0.00% -0.15 -2.37%
20210812 6.31 6.33 6.4 6.2 775419.67 48657 0.00% 0.07 1.12%
20210811 6.34 6.26 6.43 6.19 1022078.09 64258 0.00% 0.05 0.81%
20210810 6.43 6.21 6.45 6.17 1050257.95 65868 0.00% -0.12 -1.90%
20210809 6.61 6.33 6.73 6.31 1034490.60 66327 0.00% -0.25 -3.80%
20210806 6.66 6.58 6.75 6.53 906565.02 60000 0.00% -0.02 -0.30%
20210805 6.67 6.6 6.83 6.52 1441426.40 95883 0.00% -0.03 -0.45%
20210804 6.27 6.63 6.77 6.16 1811952.69 119197 0.00% 0.36 5.74%
20210803 6.15 6.27 6.55 6.15 2340768.16 147787 0.00% 0.13 2.12%
20210802 5.83 6.14 6.14 5.72 2379630.57 144024 0.00% 0.56 10.04%
20210730 5.12 5.58 5.58 5.09 1516228.83 83019 0.00% 0.51 10.06%
20210729 5.02 5.07 5.11 4.98 392024.20 19767 0.00% 0.08 1.60%
20210728 5.01 4.99 5.11 4.77 550917.12 27349 0.00% -0.04 -0.80%
20210727 5.36 5.03 5.39 5.03 707124.27 36872 0.00% -0.34 -6.33%
20210726 5.28 5.37 5.42 5.22 624769.34 33391 0.00% 0.08 1.51%
20210723 5.34 5.29 5.44 5.28 430629.25 22990 0.00% -0.07 -1.31%
20210722 5.36 5.36 5.43 5.25 398968.84 21349 0.00% 0.03 0.56%
20210721 5.39 5.33 5.4 5.25 351714.69 18680 0.00% 0.01 0.19%
20210720 5.27 5.32 5.34 5.19 414097.11 21795 0.00% -0.02 -0.37%
20210719 5.58 5.34 5.58 5.33 601406.31 32452 0.00% -0.21 -3.78%
20210716 5.49 5.55 5.69 5.48 615092.62 34367 0.00% 0.08 1.46%
20210715 5.56 5.47 5.61 5.37 596008.29 32522 0.00% -0.12 -2.15%
20210714 5.69 5.59 5.83 5.56 957718.19 54257 0.00% -0.04 -0.71%
20210713 5.47 5.63 5.69 5.4 802691.76 44815 0.00% 0.16 2.93%
20210712 5.53 5.47 5.65 5.44 732875.16 40496 0.00% 0.01 0.18%
20210709 5.33 5.46 5.5 5.32 624543.55 33925 0.00% 0.08 1.49%
20210708 5.43 5.38 5.62 5.36 796541.98 43577 0.00% 0.02 0.37%
20210707 5.54 5.36 5.61 5.34 628077.30 33924 0.00% -0.07 -1.29%
20210706 5.45 5.43 5.53 5.34 566641.50 30740 0.00% -0.03 -0.55%
20210705 5.48 5.46 5.54 5.4 387472.40 21137 0.00% 0.00 0.00%
20210702 5.47 5.46 5.58 5.44 551445.28 30302 0.00% -0.04 -0.73%
20210701 5.82 5.5 5.84 5.48 659694.53 36933 0.00% -0.24 -4.18%
20210630 5.95 5.74 5.98 5.73 626985.72 36334 0.00% -0.22 -3.69%
20210629 5.9 5.96 6.06 5.75 932056.24 55292 0.00% 0.00 0.00%
20210628 6.01 5.96 6.18 5.87 1323203.92 79409 0.00% 0.13 2.23%
20210625 5.5 5.83 6.08 5.5 1396398.71 81653 0.00% 0.30 5.42%
20210624 5.54 5.53 5.65 5.48 1348555.03 74906 0.00% 0.10 1.84%
20210623 5.07 5.43 5.53 5.04 1215540.14 64941 0.00% 0.39 7.74%
20210622 5.0 5.04 5.06 4.96 347323.85 17436 0.00% 0.02 0.40%
20210621 4.83 5.02 5.04 4.78 447143.21 22100 0.00% 0.18 3.72%
20210618 4.8 4.84 4.86 4.72 270824.70 13015 0.00% 0.08 1.68%
20210617 4.82 4.76 4.89 4.73 333068.36 16007 0.00% -0.06 -1.24%
20210616 5.07 4.82 5.09 4.79 542366.83 26584 0.00% -0.27 -5.30%
20210615 5.1 5.09 5.26 5.08 379976.31 19598 0.00% 0.01 0.20%
20210611 4.99 5.08 5.13 4.98 407384.43 20684 0.00% 0.09 1.80%
20210610 5.01 4.99 5.07 4.97 375220.13 18827 0.00% -0.02 -0.40%
20210609 5.11 5.01 5.12 5.01 367349.09 18561 0.00% -0.10 -1.96%
20210608 5.19 5.11 5.2 5.08 399197.70 20435 0.00% -0.08 -1.54%
20210607 5.14 5.19 5.29 5.11 455287.70 23720 0.00% 0.09 1.76%
20210604 5.13 5.1 5.18 5.05 452751.10 23201 0.00% -0.04 -0.78%
20210603 5.16 5.14 5.23 5.12 433504.48 22424 0.00% -0.02 -0.39%
20210602 5.15 5.16 5.29 5.13 519516.72 27049 0.00% -0.04 -0.77%
20210601 5.31 5.2 5.36 5.2 539183.24 28300 0.00% -0.15 -2.80%
20210531 5.34 5.35 5.37 5.19 789607.14 41706 0.00% -0.06 -1.11%
20210528 5.25 5.41 5.48 5.24 826198.32 44137 0.00% 0.17 3.24%
20210527 5.22 5.24 5.3 5.17 498713.04 26137 0.00% 0.03 0.58%
20210526 5.22 5.21 5.32 5.12 585689.79 30491 0.00% -0.02 -0.38%
20210525 5.15 5.23 5.28 5.12 614774.19 31991 0.00% 0.06 1.16%
20210524 5.2 5.17 5.35 5.14 848820.04 44358 0.00% -0.01 -0.19%
20210521 5.01 5.18 5.21 4.96 920842.71 47269 0.00% 0.18 3.60%
20210520 5.04 5.0 5.12 4.89 584963.04 29350 0.00% -0.02 -0.40%
20210519 5.0 5.02 5.12 4.95 478641.42 24010 0.00% -0.01 -0.20%
20210518 4.88 5.03 5.04 4.86 561809.05 27937 0.00% 0.12 2.44%
20210517 4.92 4.91 4.97 4.85 463999.68 22755 0.00% -0.06 -1.21%
20210514 4.88 4.97 5.0 4.83 588205.33 28977 0.00% 0.14 2.90%
20210513 4.9 4.83 4.98 4.81 462166.74 22588 0.00% -0.07 -1.43%
20210512 4.98 4.9 4.99 4.85 407315.33 19921 0.00% -0.02 -0.41%
20210511 4.87 4.92 4.99 4.83 657986.19 32288 0.00% 0.02 0.41%
20210510 4.75 4.9 4.91 4.7 625636.94 30256 0.00% 0.15 3.16%
20210507 4.7 4.75 4.8 4.67 435408.41 20646 0.00% 0.04 0.85%
20210506 4.66 4.71 4.79 4.64 537557.82 25443 0.00% 0.10 2.17%
20210430 4.59 4.61 4.66 4.54 381235.36 17537 0.00% 0.06 1.32%
20210429 4.57 4.55 4.6 4.49 331646.80 15115 0.00% -0.03 -0.66%
20210428 4.41 4.58 4.62 4.41 474668.45 21680 0.00% 0.18 4.09%
20210427 4.55 4.4 4.58 4.38 395307.75 17562 0.00% -0.15 -3.30%
20210426 4.54 4.55 4.59 4.46 312500.53 14151 0.00% 0.01 0.22%
20210423 4.61 4.54 4.63 4.49 382782.76 17393 0.00% -0.04 -0.87%
20210422 4.59 4.58 4.66 4.58 275334.77 12704 0.00% 0.00 0.00%
20210421 4.63 4.58 4.72 4.57 436875.84 20183 0.00% -0.11 -2.35%
20210420 4.69 4.69 4.78 4.62 530010.73 24994 0.00% 0.01 0.21%
20210419 4.65 4.68 4.73 4.62 455845.94 21383 0.00% 0.03 0.65%
20210416 4.62 4.65 4.71 4.6 441040.77 20503 0.00% 0.04 0.87%
20210415 4.77 4.61 4.87 4.58 647958.03 30213 0.00% -0.16 -3.35%
20210414 4.81 4.77 4.84 4.69 684209.09 32606 0.00% -0.10 -2.05%
20210413 5.0 4.87 5.02 4.83 969215.67 47482 0.00% -0.21 -4.13%
20210412 5.01 5.08 5.3 4.98 1534379.69 78509 0.00% 0.14 2.83%
20210409 4.79 4.94 5.15 4.76 1021012.60 50774 0.00% 0.11 2.28%
20210408 5.0 4.83 5.02 4.8 757234.12 36846 0.00% -0.16 -3.21%
20210407 4.95 4.99 5.09 4.9 991226.66 49387 0.00% 0.02 0.40%
20210406 4.69 4.97 5.03 4.65 1118691.46 54951 0.00% 0.25 5.30%
20210402 4.9 4.72 4.96 4.71 937369.17 44847 0.00% -0.22 -4.45%
20210401 4.9 4.94 5.07 4.82 962828.98 47628 0.00% -0.03 -0.60%
20210331 4.91 4.97 5.09 4.81 1281525.06 63480 0.00% 0.03 0.61%
20210330 5.06 4.94 5.09 4.87 1364110.32 67448 0.00% -0.15 -2.95%
20210329 4.83 5.09 5.28 4.83 1968092.68 101214 0.00% 0.29 6.04%
20210326 4.77 4.8 4.94 4.71 1196288.27 57839 0.00% 0.08 1.69%
20210325 5.02 4.72 5.03 4.7 1531517.11 73488 0.00% -0.40 -7.81%
20210324 5.2 5.12 5.44 5.06 2024173.06 106678 0.00% -0.07 -1.35%
20210323 5.77 5.19 5.77 5.14 2967870.25 162153 0.00% -0.16 -2.99%
20210322 5.05 5.35 5.35 5.05 859129.21 45149 0.00% 0.49 10.08%
20210319 4.6 4.86 4.98 4.52 1205525.93 57854 0.00% 0.16 3.40%
20210318 4.74 4.7 4.88 4.64 861501.57 40859 0.00% -0.08 -1.67%
20210317 4.87 4.78 4.87 4.68 574768.41 27402 0.00% -0.09 -1.85%
20210316 4.86 4.87 4.99 4.78 844445.58 41063 0.00% 0.00 0.00%
20210315 4.79 4.87 5.09 4.7 1353654.24 66409 0.00% 0.05 1.04%
20210312 4.6 4.82 5.0 4.56 1409113.30 67313 0.00% 0.22 4.78%
20210311 4.43 4.6 4.65 4.42 763514.93 34896 0.00% 0.14 3.14%
20210310 4.48 4.46 4.67 4.44 741626.97 33585 0.00% -0.02 -0.45%
20210309 4.72 4.48 4.85 4.34 1471308.37 66786 0.00% -0.34 -7.05%
20210308 4.58 4.82 4.95 4.54 1943147.27 94766 0.00% 0.32 7.11%
20210305 4.53 4.5 4.61 4.48 525126.42 23835 0.00% -0.04 -0.88%
20210304 4.56 4.54 4.73 4.52 774040.13 35728 0.00% -0.04 -0.87%
20210303 4.44 4.58 4.62 4.35 786919.06 35761 0.00% 0.14 3.15%
20210302 4.33 4.44 4.54 4.31 654005.43 29062 0.00% 0.15 3.50%
20210301 4.35 4.29 4.37 4.23 268286.46 11506 0.00% 0.00 0.00%
20210226 4.31 4.29 4.35 4.23 365601.30 15695 0.00% -0.07 -1.61%
20210225 4.35 4.36 4.44 4.31 335297.73 14617 0.00% 0.02 0.46%
