日期 开盘价 收盘价 最高价 最低价 成交量（手） 成交额（万元） 换手率 涨跌额 涨跌幅（%）
20211108 18.05 19.03 19.09 17.91 100367.47 18733 0.00% 1.13 6.31%
20211105 18.32 17.9 18.39 17.81 60163.49 10853 0.00% -0.46 -2.51%
20211104 18.5 18.36 18.79 18.15 57857.55 10617 0.00% -0.14 -0.76%
20211103 17.83 18.5 18.65 17.7 76295.62 13963 0.00% 0.59 3.29%
20211102 17.4 17.91 18.4 17.36 100666.84 18158 0.00% 0.35 1.99%
20211101 18.65 17.56 18.93 17.56 113076.88 20422 0.00% -0.91 -4.93%
20211029 17.98 18.47 18.58 17.86 81411.06 14851 0.00% 0.47 2.61%
20211028 18.07 18.0 18.33 17.85 62476.95 11244 0.00% -0.13 -0.72%
20211027 18.33 18.13 18.69 17.8 118540.35 21565 0.00% -0.25 -1.36%
20211026 17.24 18.38 18.39 17.15 141408.92 25304 0.00% 1.16 6.74%
20211025 17.06 17.22 17.5 16.82 70370.65 12128 0.00% 0.09 0.53%
20211022 17.26 17.13 17.65 16.9 88234.35 15160 0.00% -0.35 -2.00%
20211021 18.1 17.48 18.1 17.33 91640.36 16126 0.00% -0.48 -2.67%
20211020 17.45 17.96 18.09 17.1 111039.27 19711 0.00% 0.67 3.88%
20211019 16.86 17.29 17.79 16.86 119248.28 20652 0.00% 0.26 1.53%
20211018 16.51 17.03 17.12 16.35 99938.15 16736 0.00% 0.46 2.78%
20211015 15.96 16.57 16.98 15.86 119540.10 19875 0.00% 0.67 4.21%
20211014 14.93 15.9 16.05 14.9 86111.43 13418 0.00% 0.97 6.50%
20211013 14.9 14.93 15.05 14.67 33114.72 4921 0.00% -0.03 -0.20%
20211012 15.09 14.96 15.22 14.8 46068.25 6906 0.00% -0.14 -0.93%
20211011 15.17 15.1 15.22 14.8 43170.44 6495 0.00% 0.05 0.33%
20211008 14.55 15.05 15.12 14.48 81879.75 12181 0.00% 0.61 4.22%
20210930 14.0 14.44 14.48 14.0 31767.50 4528 0.00% 0.41 2.92%
20210929 14.44 14.03 14.44 13.9 52064.28 7341 0.00% -0.42 -2.91%
20210928 13.95 14.45 14.98 13.95 73385.15 10650 0.00% 0.41 2.92%
20210927 14.75 14.04 14.82 14.03 69400.35 9945 0.00% -0.78 -5.26%
20210924 14.63 14.82 15.07 14.5 66273.18 9820 0.00% 0.20 1.37%
20210923 14.85 14.62 15.0 14.42 65880.76 9654 0.00% -0.21 -1.42%
20210922 14.97 14.83 15.0 14.47 65572.23 9679 0.00% -0.10 -0.67%
20210917 14.79 14.93 15.19 14.64 82068.83 12235 0.00% 0.14 0.95%
20210916 14.65 14.79 15.44 14.47 122827.52 18435 0.00% 0.29 2.00%
20210915 14.41 14.5 14.7 14.16 78542.01 11333 0.00% 0.10 0.69%
20210914 14.25 14.4 14.7 14.05 105328.31 15197 0.00% 0.22 1.55%
20210913 14.18 14.18 14.37 13.87 93953.98 13277 0.00% 0.19 1.36%
20210910 13.73 13.99 14.2 13.4 138700.73 19325 0.00% 0.53 3.94%
20210909 12.48 13.46 13.55 12.3 136544.50 17992 0.00% 0.98 7.85%
20210908 12.68 12.48 12.68 12.45 39934.50 5001 0.00% -0.07 -0.56%
20210907 12.61 12.55 12.61 12.39 43284.26 5410 0.00% 0.02 0.16%
20210906 12.49 12.53 12.74 12.38 66847.42 8392 0.00% -0.09 -0.71%
20210903 13.29 12.62 13.49 12.55 153832.93 19764 0.00% -0.60 -4.54%
20210902 13.63 13.22 14.03 13.08 230615.04 31517 0.00% 0.47 3.69%
20210901 12.43 12.75 12.88 12.25 89272.40 11299 0.00% 0.35 2.82%
20210831 12.33 12.4 12.52 12.15 50049.55 6185 0.00% 0.15 1.22%
20210830 12.46 12.25 12.77 12.06 71095.30 8727 0.00% -0.21 -1.69%
20210827 12.3 12.46 12.97 12.3 87502.20 11069 0.00% 0.16 1.30%
20210826 12.4 12.3 12.87 12.3 80458.61 10149 0.00% -0.05 -0.40%
20210825 12.21 12.35 12.43 12.08 47919.76 5883 0.00% 0.01 0.08%
20210824 12.05 12.34 12.37 12.02 64685.08 7927 0.00% 0.29 2.41%
20210823 12.04 12.05 12.23 11.91 59775.20 7206 0.00% -0.06 -0.50%
20210820 12.0 12.11 12.32 11.95 48107.68 5825 0.00% 0.02 0.17%
20210819 12.31 12.09 12.57 12.03 64453.48 7855 0.00% -0.31 -2.50%
20210818 12.16 12.4 12.44 11.81 108136.29 13222 0.00% 0.18 1.47%
20210817 11.3 12.22 12.29 11.21 153895.22 18445 0.00% 1.02 9.11%
20210816 11.16 11.2 11.33 11.06 27557.89 3090 0.00% 0.05 0.45%
20210813 11.15 11.15 11.28 11.06 29065.70 3240 0.00% -0.03 -0.27%
20210812 11.35 11.18 11.43 11.14 36196.96 4069 0.00% -0.21 -1.84%
20210811 11.53 11.39 11.58 11.32 28696.00 3276 0.00% -0.13 -1.13%
20210810 11.25 11.52 11.58 11.18 32025.71 3661 0.00% 0.23 2.04%
20210809 11.41 11.29 11.47 11.1 42353.92 4758 0.00% -0.10 -0.88%
20210806 11.76 11.39 11.8 11.27 49373.96 5643 0.00% -0.37 -3.15%
20210805 11.62 11.76 11.99 11.43 51365.88 6031 0.00% 0.17 1.47%
20210804 11.45 11.59 11.61 11.33 40780.76 4674 0.00% 0.15 1.31%
20210803 11.44 11.44 11.75 11.35 42758.41 4939 0.00% -0.01 -0.09%
20210802 11.87 11.45 11.9 11.1 74623.81 8503 0.00% -0.34 -2.88%
20210730 12.2 11.79 12.22 11.77 64507.63 7664 0.00% -0.40 -3.28%
20210729 11.78 12.19 12.44 11.7 83713.63 10183 0.00% 0.56 4.82%
20210728 12.55 11.63 12.62 11.29 124079.38 14518 0.00% -0.91 -7.26%
20210727 12.15 12.54 12.98 12.15 135512.12 17180 0.00% 0.42 3.47%
20210726 12.35 12.12 12.58 12.1 92120.66 11339 0.00% -0.16 -1.30%
20210723 11.94 12.28 12.43 11.86 78423.91 9573 0.00% 0.32 2.68%
20210722 11.73 11.96 11.96 11.67 45982.58 5469 0.00% 0.23 1.96%
20210721 11.53 11.73 11.83 11.53 48463.54 5682 0.00% 0.23 2.00%
20210720 11.42 11.5 11.69 11.42 48182.16 5567 0.00% -0.05 -0.43%
20210719 12.03 11.55 12.14 11.5 83267.82 9815 0.00% -0.48 -3.99%
20210716 11.86 12.03 12.09 11.75 71497.23 8531 0.00% 0.17 1.43%
20210715 11.78 11.86 12.02 11.69 73656.65 8706 0.00% 0.08 0.68%
20210714 11.4 11.78 12.23 11.35 123419.46 14596 0.00% 0.35 3.06%
20210713 11.5 11.43 11.53 11.23 58806.12 6683 0.00% 0.02 0.18%
20210712 11.02 11.41 11.48 11.0 94389.64 10615 0.00% 0.50 4.58%
20210709 10.89 10.91 10.98 10.72 39594.70 4290 0.00% -0.03 -0.27%
20210708 11.04 10.94 11.15 10.89 51324.49 5639 0.00% -0.11 -1.00%
20210707 10.88 11.05 11.06 10.7 56304.92 6143 0.00% 0.17 1.56%
20210706 10.85 10.88 10.94 10.67 44602.60 4823 0.00% 0.02 0.18%
20210705 10.59 10.86 10.94 10.5 53127.31 5727 0.00% 0.26 2.45%
20210702 10.9 10.6 10.9 10.47 46601.12 4952 0.00% -0.15 -1.40%
20210701 10.68 10.75 11.08 10.68 67396.85 7335 0.00% 0.08 0.75%
20210630 10.62 10.67 10.95 10.58 39159.85 4202 0.00% 0.05 0.47%
20210629 10.9 10.62 11.18 10.56 69813.02 7536 0.00% -0.29 -2.66%
20210628 10.81 10.91 11.07 10.69 70949.51 7712 0.00% 0.10 0.93%
20210625 10.41 10.81 10.89 10.32 76728.36 8245 0.00% 0.42 4.04%
20210624 10.32 10.39 10.49 10.26 33376.80 3466 0.00% 0.01 0.10%
20210623 10.48 10.38 10.49 10.14 59248.70 6106 0.00% -0.15 -1.42%
20210622 10.43 10.53 10.63 10.43 48211.29 5079 0.00% 0.08 0.77%
20210621 10.49 10.45 10.69 10.35 59739.20 6244 0.00% -0.09 -0.85%
20210618 10.8 10.54 10.84 10.45 79786.94 8423 0.00% -0.17 -1.59%
20210617 10.5 10.71 10.88 10.42 121958.89 13054 0.00% -0.33 -2.99%
20210616 10.21 11.04 11.21 10.12 197337.38 21556 0.00% 0.85 8.34%
20210615 10.15 10.19 10.41 9.99 65496.70 6679 0.00% 0.04 0.39%
20210611 9.88 10.15 10.57 9.8 103424.85 10599 0.00% 0.30 3.05%
20210610 9.82 9.85 9.95 9.78 33082.30 3257 0.00% -0.01 -0.10%
20210609 9.96 9.86 9.99 9.84 37761.70 3729 0.00% -0.13 -1.30%
20210608 9.74 9.99 10.05 9.74 53336.09 5307 0.00% 0.22 2.25%
20210607 9.83 9.77 9.91 9.74 35067.15 3437 0.00% -0.07 -0.71%
20210604 9.83 9.84 9.98 9.8 34294.32 3391 0.00% 0.02 0.20%
20210603 9.91 9.82 9.91 9.8 31728.85 3124 0.00% -0.10 -1.01%
20210602 9.99 9.92 10.16 9.86 47574.30 4755 0.00% -0.07 -0.70%
20210601 9.78 9.99 10.02 9.73 52040.22 5160 0.00% 0.22 2.25%
20210531 9.83 9.77 9.88 9.75 35934.01 3524 0.00% -0.10 -1.01%
20210528 9.86 9.87 10.04 9.8 43610.71 4321 0.00% 0.02 0.20%
20210527 10.01 9.85 10.01 9.77 48689.03 4802 0.00% -0.12 -1.20%
20210526 10.02 9.97 10.17 9.91 53266.12 5333 0.00% -0.07 -0.70%
20210525 9.82 10.04 10.14 9.75 60589.70 6061 0.00% 0.21 2.14%
20210524 9.59 9.83 9.86 9.52 34666.66 3371 0.00% 0.23 2.40%
20210521 9.94 9.6 9.97 9.59 44281.15 4300 0.00% -0.33 -3.32%
20210520 9.73 9.93 9.97 9.55 46443.21 4536 0.00% 0.18 1.85%
20210519 9.82 9.75 9.91 9.7 32516.45 3175 0.00% -0.07 -0.71%
20210518 9.99 9.82 9.99 9.71 43015.65 4218 0.00% -0.17 -1.70%
20210517 9.92 9.99 10.19 9.78 67766.41 6762 0.00% -0.04 -0.40%
20210514 9.61 10.03 10.06 9.6 92086.52 9114 0.00% 0.48 5.03%
20210513 9.51 9.55 9.86 9.48 49951.30 4841 0.00% -0.03 -0.31%
20210512 9.28 9.58 9.61 9.28 40436.00 3825 0.00% 0.23 2.46%
20210511 9.48 9.35 9.57 9.26 46677.35 4380 0.00% -0.16 -1.68%
20210510 9.63 9.51 9.66 9.41 46017.28 4382 0.00% -0.08 -0.83%
20210507 9.39 9.59 9.65 9.3 71698.57 6818 0.00% 0.13 1.37%
20210506 9.27 9.46 9.54 9.15 58846.44 5515 0.00% 0.13 1.39%
20210430 9.18 9.33 9.5 9.09 67975.68 6341 0.00% 0.27 2.98%
20210429 9.0 9.06 9.17 9.0 33049.90 3006 0.00% -0.03 -0.33%
20210428 9.25 9.09 9.25 8.98 63224.32 5725 0.00% -0.14 -1.52%
20210427 9.17 9.23 9.56 9.15 90036.70 8372 0.00% 0.19 2.10%
20210426 9.33 9.04 9.35 9.02 61651.15 5645 0.00% -0.29 -3.11%
20210423 9.36 9.33 9.4 9.22 60528.82 5622 0.00% -0.08 -0.85%
20210422 9.48 9.41 9.61 9.35 59206.00 5619 0.00% -0.09 -0.95%
20210421 9.55 9.5 9.71 9.43 84525.94 8074 0.00% -0.14 -1.45%
20210420 10.04 9.64 10.06 9.61 122435.22 11983 0.00% -0.42 -4.17%
20210419 9.85 10.06 10.09 9.7 132099.09 13081 0.00% 0.22 2.24%
20210416 9.79 9.84 10.06 9.65 105024.39 10344 0.00% 0.07 0.72%
20210415 10.0 9.77 10.07 9.7 129227.62 12705 0.00% -0.36 -3.55%
20210414 9.54 10.13 10.37 9.54 190667.44 19104 0.00% 0.31 3.16%
20210413 10.47 9.82 10.8 9.82 248577.46 25076 0.00% -1.09 -9.99%
20210412 11.07 10.91 11.69 10.69 310045.54 34590 0.00% 0.24 2.25%
20210409 10.36 10.67 11.4 10.2 367400.64 39994 0.00% 0.31 2.99%
20210408 9.42 10.36 10.36 9.38 125772.83 12643 0.00% 0.94 9.98%
20210407 9.04 9.42 9.6 9.04 133771.24 12590 0.00% 0.27 2.95%
20210406 9.12 9.15 9.24 8.9 81894.31 7447 0.00% 0.05 0.55%
20210402 9.24 9.1 9.43 9.02 171024.72 15736 0.00% -0.15 -1.62%
20210401 8.33 9.25 9.25 8.33 127255.80 11642 0.00% 0.84 9.99%
20210331 8.3 8.41 8.48 8.28 14335.55 1201 0.00% 0.04 0.48%
20210330 8.4 8.37 8.52 8.27 26323.10 2198 0.00% -0.03 -0.36%
20210329 8.56 8.4 8.62 8.38 28970.40 2454 0.00% -0.19 -2.21%
20210326 8.25 8.59 8.75 8.18 56370.23 4797 0.00% 0.38 4.63%
20210325 8.69 8.21 8.69 8.19 57162.27 4779 0.00% -0.49 -5.63%
20210324 8.68 8.7 8.8 8.57 26954.36 2340 0.00% 0.05 0.58%
20210323 8.76 8.65 8.8 8.63 30583.46 2655 0.00% -0.20 -2.26%
20210322 9.05 8.85 9.08 8.7 63026.14 5556 0.00% -0.24 -2.64%
20210319 8.78 9.09 9.18 8.73 50636.49 4533 0.00% 0.25 2.83%
20210318 8.88 8.84 8.97 8.82 25452.35 2255 0.00% -0.07 -0.79%
20210317 8.9 8.91 9.0 8.87 20807.85 1855 0.00% -0.03 -0.34%
20210316 8.9 8.94 9.09 8.82 36616.75 3287 0.00% 0.04 0.45%
20210315 8.72 8.9 9.09 8.67 51022.45 4542 0.00% 0.26 3.01%
20210312 8.68 8.64 8.78 8.58 34724.18 3006 0.00% -0.04 -0.46%
20210311 8.55 8.68 8.75 8.46 25921.61 2234 0.00% 0.14 1.64%
