日期 开盘价 收盘价 最高价 最低价 成交量（手） 成交额（万元） 换手率 涨跌额 涨跌幅（%）
20211108 4.99 5.03 5.05 4.93 81658.76 4092 0.00% 0.03 0.60%
20211105 5.17 5.0 5.19 4.98 145892.71 7381 0.00% -0.19 -3.66%
20211104 5.19 5.19 5.23 5.1 87656.50 4525 0.00% 0.02 0.39%
20211103 5.17 5.17 5.18 5.05 108736.19 5568 0.00% 0.03 0.58%
20211102 5.4 5.14 5.41 5.08 186083.68 9706 0.00% -0.26 -4.81%
20211101 5.37 5.4 5.5 5.3 128865.50 6976 0.00% 0.04 0.75%
20211029 5.36 5.36 5.43 5.27 110951.81 5933 0.00% 0.01 0.19%
20211028 5.66 5.35 5.67 5.32 201715.52 10959 0.00% -0.32 -5.64%
20211027 5.72 5.67 5.83 5.65 141086.10 8065 0.00% -0.09 -1.56%
20211026 5.91 5.76 5.94 5.74 176494.00 10280 0.00% -0.13 -2.21%
20211025 5.91 5.89 5.97 5.78 152132.82 8962 0.00% -0.04 -0.67%
20211022 6.18 5.93 6.23 5.91 223722.65 13567 0.00% -0.31 -4.97%
20211021 6.27 6.24 6.36 6.2 201780.91 12655 0.00% -0.03 -0.48%
20211020 6.16 6.27 6.31 6.05 246251.06 15319 0.00% 0.09 1.46%
20211019 6.14 6.18 6.19 6.05 182839.50 11203 0.00% 0.02 0.32%
20211018 6.01 6.16 6.18 5.94 158635.33 9641 0.00% 0.19 3.18%
20211015 6.08 5.97 6.08 5.92 115179.65 6913 0.00% -0.06 -1.00%
20211014 6.03 6.03 6.14 5.98 131730.10 8003 0.00% 0.01 0.17%
20211013 6.11 6.02 6.13 5.92 135527.02 8166 0.00% -0.11 -1.79%
20211012 6.14 6.13 6.29 5.98 226646.34 13822 0.00% -0.05 -0.81%
20211011 6.16 6.18 6.22 5.95 261430.19 16004 0.00% 0.00 0.00%
20211008 5.85 6.18 6.26 5.75 368783.02 22201 0.00% 0.38 6.55%
20210930 5.65 5.8 5.81 5.61 165765.76 9480 0.00% 0.20 3.57%
20210929 5.78 5.6 5.86 5.5 204927.93 11629 0.00% -0.29 -4.92%
20210928 5.81 5.89 5.92 5.68 236055.41 13752 0.00% 0.10 1.73%
20210927 6.3 5.79 6.36 5.71 365995.36 21690 0.00% -0.51 -8.10%
20210924 6.7 6.3 6.7 6.25 541282.38 34928 0.00% -0.51 -7.49%
20210923 7.51 6.81 7.61 6.8 811974.01 57218 0.00% -0.75 -9.92%
20210922 7.15 7.56 7.62 7.08 595680.24 43743 0.00% 0.26 3.56%
20210917 7.52 7.3 7.95 7.1 818296.43 62069 0.00% -0.39 -5.07%
20210916 8.0 7.69 8.14 7.41 1108065.84 86091 0.00% 0.29 3.92%
20210915 6.99 7.4 7.5 6.9 518098.51 37455 0.00% 0.35 4.96%
20210914 7.28 7.05 7.31 6.83 424023.30 29871 0.00% -0.19 -2.62%
20210913 6.74 7.24 7.25 6.72 354085.00 24971 0.00% 0.50 7.42%
20210910 7.01 6.74 7.03 6.7 261037.70 17869 0.00% -0.24 -3.44%
20210909 6.95 6.98 7.18 6.86 269912.52 18940 0.00% 0.03 0.43%
20210908 6.81 6.95 7.1 6.79 286886.79 19988 0.00% 0.11 1.61%
20210907 6.76 6.84 6.92 6.64 291003.51 19847 0.00% 0.09 1.33%
20210906 6.81 6.75 6.9 6.46 229304.01 15302 0.00% -0.09 -1.32%
20210903 7.16 6.84 7.19 6.77 343772.36 23883 0.00% -0.32 -4.47%
20210902 7.22 7.16 7.32 6.95 291663.19 20860 0.00% 0.02 0.28%
20210901 7.21 7.14 7.35 6.8 461925.44 32775 0.00% -0.09 -1.24%
20210831 7.1 7.23 7.3 6.96 366656.41 26182 0.00% 0.11 1.54%
20210830 7.02 7.12 7.3 7.02 372626.23 26516 0.00% 0.04 0.56%
20210827 6.99 7.08 7.15 6.86 461459.42 32351 0.00% 0.03 0.43%
20210826 6.81 7.05 7.15 6.75 688726.01 48139 0.00% 0.09 1.29%
20210825 6.35 6.96 7.05 6.27 683164.85 46111 0.00% 0.55 8.58%
20210824 6.16 6.41 6.56 6.15 443936.54 28406 0.00% 0.27 4.40%
20210823 5.99 6.14 6.17 5.97 332631.04 20297 0.00% 0.19 3.19%
20210820 5.84 5.95 5.97 5.74 271476.54 15995 0.00% 0.05 0.85%
20210819 6.08 5.9 6.12 5.8 381809.67 22639 0.00% -0.21 -3.44%
20210818 6.16 6.11 6.31 6.06 490376.67 30214 0.00% -0.13 -2.08%
20210817 7.12 6.24 7.38 6.15 989952.10 64960 0.00% -0.47 -7.00%
20210816 7.02 6.71 7.15 6.65 803792.49 54911 0.00% -0.18 -2.61%
20210813 6.42 6.89 6.89 6.33 534056.31 36310 0.00% 0.63 10.06%
20210812 6.09 6.26 6.48 6.03 400408.62 25109 0.00% 0.24 3.99%
20210811 5.99 6.02 6.09 5.97 240967.27 14527 0.00% 0.03 0.50%
20210810 6.0 5.99 6.08 5.91 290127.19 17384 0.00% -0.13 -2.12%
20210809 5.66 6.12 6.18 5.63 462751.06 27527 0.00% 0.39 6.81%
20210806 5.61 5.73 5.74 5.52 219883.56 12377 0.00% 0.15 2.69%
20210805 5.69 5.58 5.69 5.54 199747.52 11194 0.00% -0.14 -2.45%
20210804 5.57 5.72 5.8 5.57 245391.50 13947 0.00% 0.08 1.42%
20210803 5.8 5.64 5.83 5.61 304646.51 17349 0.00% -0.23 -3.92%
20210802 5.78 5.87 5.87 5.63 299136.66 17223 0.00% 0.06 1.03%
20210730 5.87 5.81 5.94 5.66 345715.38 20083 0.00% -0.02 -0.34%
20210729 5.87 5.83 6.02 5.78 391036.50 22999 0.00% 0.07 1.22%
20210728 5.79 5.76 5.93 5.5 480310.52 27620 0.00% -0.03 -0.52%
20210727 6.34 5.79 6.48 5.79 675406.01 41575 0.00% -0.64 -9.95%
20210726 6.15 6.43 6.59 6.06 783547.70 49602 0.00% 0.44 7.35%
20210723 6.14 5.99 6.15 5.9 446419.01 26789 0.00% -0.16 -2.60%
20210722 5.88 6.15 6.3 5.88 520747.51 31788 0.00% 0.23 3.89%
20210721 5.96 5.92 6.09 5.81 368159.49 21769 0.00% 0.00 0.00%
20210720 5.76 5.92 5.95 5.68 389325.13 22641 0.00% 0.03 0.51%
20210719 5.9 5.89 6.05 5.81 426685.78 25261 0.00% -0.03 -0.51%
20210716 5.88 5.92 6.08 5.86 623724.62 37166 0.00% -0.19 -3.11%
20210715 5.6 6.11 6.16 5.48 946114.64 55850 0.00% 0.51 9.11%
20210714 5.81 5.6 5.89 5.56 515412.68 29226 0.00% -0.16 -2.78%
20210713 6.1 5.76 6.1 5.55 754366.13 43520 0.00% -0.14 -2.37%
20210712 5.57 5.9 5.9 5.57 629395.39 36447 0.00% 0.54 10.07%
20210709 5.02 5.36 5.4 5.01 681537.31 35530 0.00% 0.42 8.50%
20210708 4.95 4.94 5.03 4.9 276587.18 13743 0.00% 0.04 0.82%
20210707 4.85 4.9 4.92 4.81 202509.49 9851 0.00% 0.01 0.20%
20210706 4.69 4.89 4.89 4.69 310124.50 14981 0.00% 0.19 4.04%
20210705 4.81 4.7 4.81 4.66 203274.20 9578 0.00% 0.08 1.73%
20210702 4.62 4.62 4.66 4.58 84381.00 3904 0.00% -0.01 -0.22%
20210701 4.77 4.63 4.8 4.63 130050.00 6121 0.00% -0.16 -3.34%
20210630 4.75 4.79 4.84 4.75 97000.50 4652 0.00% 0.01 0.21%
20210629 4.83 4.78 4.87 4.75 122709.01 5886 0.00% -0.09 -1.85%
20210628 4.86 4.87 4.88 4.78 148504.51 7170 0.00% 0.00 0.00%
20210625 4.71 4.87 4.94 4.67 202060.15 9738 0.00% 0.17 3.62%
20210624 4.83 4.7 4.84 4.66 172655.32 8122 0.00% -0.12 -2.49%
20210623 4.81 4.82 4.85 4.78 113837.15 5479 0.00% 0.02 0.42%
20210622 4.81 4.8 4.89 4.77 134460.15 6480 0.00% -0.01 -0.21%
20210621 4.73 4.81 4.83 4.73 114085.75 5460 0.00% 0.05 1.05%
20210618 4.72 4.76 4.81 4.65 129125.15 6109 0.00% 0.04 0.85%
20210617 4.72 4.72 4.78 4.68 119847.81 5673 0.00% -0.03 -0.63%
20210616 4.87 4.75 4.87 4.74 158680.44 7617 0.00% -0.13 -2.66%
20210615 4.97 4.88 5.0 4.87 192871.00 9476 0.00% -0.07 -1.41%
20210611 5.05 4.95 5.14 4.94 292880.00 14701 0.00% -0.13 -2.56%
20210610 5.18 5.08 5.23 5.05 324285.03 16548 0.00% -0.07 -1.36%
20210609 4.94 5.15 5.25 4.86 528262.32 26957 0.00% 0.20 4.04%
20210608 5.11 4.95 5.12 4.93 330456.32 16494 0.00% -0.16 -3.13%
20210607 4.89 5.11 5.16 4.89 502657.98 25243 0.00% 0.26 5.36%
20210604 4.96 4.85 4.97 4.83 243569.00 11887 0.00% -0.15 -3.00%
20210603 4.94 5.0 5.11 4.9 353504.50 17775 0.00% 0.07 1.42%
20210602 4.9 4.93 5.04 4.85 327237.50 16207 0.00% 0.01 0.20%
20210601 4.7 4.92 5.02 4.65 359762.38 17432 0.00% 0.18 3.80%
20210531 4.76 4.74 4.77 4.66 194414.44 9141 0.00% -0.02 -0.42%
20210528 4.79 4.76 4.86 4.76 157170.99 7563 0.00% -0.06 -1.24%
20210527 4.87 4.82 4.93 4.8 215322.38 10447 0.00% -0.04 -0.82%
20210526 4.69 4.86 4.86 4.66 247196.49 11820 0.00% 0.17 3.62%
20210525 4.71 4.69 4.71 4.63 131778.00 6158 0.00% -0.01 -0.21%
20210524 4.68 4.7 4.73 4.62 135544.87 6337 0.00% 0.02 0.43%
20210521 4.58 4.68 4.71 4.56 161291.44 7509 0.00% 0.12 2.63%
20210520 4.6 4.56 4.62 4.5 228796.88 10421 0.00% -0.11 -2.36%
20210519 4.76 4.67 4.76 4.66 184359.87 8663 0.00% -0.10 -2.10%
20210518 4.74 4.77 4.81 4.73 141072.06 6730 0.00% 0.01 0.21%
20210517 4.9 4.76 4.92 4.74 272682.00 13075 0.00% -0.22 -4.42%
20210514 4.98 4.98 5.08 4.88 432975.44 21458 0.00% -0.15 -2.92%
20210513 5.25 5.13 5.39 5.05 706194.95 36920 0.00% -0.02 -0.39%
20210512 4.84 5.15 5.28 4.81 623086.22 31623 0.00% 0.27 5.53%
20210511 4.95 4.88 4.95 4.74 352913.50 17034 0.00% -0.12 -2.40%
20210510 4.86 5.0 5.01 4.83 426100.52 20988 0.00% 0.14 2.88%
20210507 4.75 4.86 4.93 4.71 391060.84 18907 0.00% 0.13 2.75%
20210506 4.59 4.73 4.78 4.58 292513.74 13793 0.00% 0.17 3.73%
20210430 4.65 4.56 4.67 4.54 202119.50 9268 0.00% -0.10 -2.15%
20210429 4.65 4.66 4.75 4.61 197313.50 9212 0.00% -0.02 -0.43%
20210428 4.65 4.68 4.73 4.61 188761.50 8810 0.00% 0.02 0.43%
20210427 4.63 4.66 4.71 4.55 229468.78 10621 0.00% 0.00 0.00%
20210426 4.89 4.66 4.9 4.66 354494.25 16850 0.00% -0.26 -5.28%
20210423 4.84 4.92 4.95 4.75 306180.67 14887 0.00% 0.06 1.23%
20210422 4.98 4.86 5.02 4.82 386340.46 18977 0.00% -0.12 -2.41%
20210421 4.84 4.98 5.05 4.7 501203.86 24434 0.00% 0.08 1.63%
20210420 4.9 4.9 5.0 4.82 421338.50 20705 0.00% 0.02 0.41%
20210419 4.81 4.88 4.92 4.78 255636.53 12455 0.00% 0.05 1.04%
20210416 4.78 4.83 4.89 4.74 363550.87 17541 0.00% 0.07 1.47%
20210415 4.74 4.76 4.79 4.63 247563.64 11666 0.00% 0.00 0.00%
20210414 4.72 4.76 4.79 4.68 282055.31 13354 0.00% 0.05 1.06%
20210413 4.82 4.71 4.87 4.68 328291.68 15586 0.00% -0.09 -1.87%
20210412 5.05 4.8 5.06 4.79 467285.22 22730 0.00% -0.25 -4.95%
20210409 5.07 5.05 5.15 5.02 309671.07 15686 0.00% -0.04 -0.79%
20210408 5.26 5.09 5.3 5.04 658070.75 33913 0.00% -0.25 -4.68%
20210407 5.25 5.34 5.55 5.14 1057794.62 56467 0.00% 0.25 4.91%
20210406 5.02 5.09 5.14 4.98 391966.41 19890 0.00% 0.08 1.60%
20210402 5.12 5.01 5.16 5.0 459956.36 23289 0.00% -0.17 -3.28%
20210401 5.1 5.18 5.2 5.02 606138.22 31064 0.00% 0.13 2.57%
20210331 5.08 5.05 5.2 5.02 459526.93 23421 0.00% -0.06 -1.17%
20210330 5.09 5.11 5.25 4.89 764145.32 38508 0.00% -0.07 -1.35%
20210329 5.18 5.18 5.37 5.02 818074.92 42524 0.00% -0.03 -0.58%
20210326 5.08 5.21 5.23 5.05 578903.29 29743 0.00% 0.06 1.17%
20210325 5.19 5.15 5.25 5.06 694782.26 35869 0.00% -0.03 -0.58%
20210324 5.4 5.18 5.46 5.12 894606.69 47194 0.00% -0.46 -8.16%
20210323 6.16 5.64 6.16 5.64 813240.58 47305 0.00% -0.63 -10.05%
20210322 6.18 6.27 6.41 6.12 840801.54 52683 0.00% -0.16 -2.49%
20210319 6.16 6.43 6.43 6.06 1035431.68 64173 0.00% -0.05 -0.77%
20210318 6.68 6.48 7.13 6.35 1417660.52 94064 0.00% -0.51 -7.30%
20210317 7.52 6.99 7.69 6.99 1040677.94 73358 0.00% -0.78 -10.04%
20210316 7.5 7.77 7.77 6.59 1344558.20 97110 0.00% 0.71 10.06%
20210315 6.71 7.06 7.06 6.71 675827.65 46636 0.00% 0.64 9.97%
20210312 6.1 6.42 6.42 5.92 997039.29 61969 0.00% 0.58 9.93%
20210311 5.35 5.84 5.84 5.35 506263.21 28596 0.00% 0.53 9.98%
