日期 开盘价 收盘价 最高价 最低价 成交量（手） 成交额（万元） 换手率 涨跌额 涨跌幅（%）
20211108 32.78 33.32 33.74 32.74 1574916.05 523606 0.00% 0.59 1.80% 169.00 56
20211105 32.41 32.73 32.99 32.34 969142.01 317185 0.00% 0.16 0.49% 194.00 63
20211104 32.75 32.57 33.18 32.48 1070337.15 351286 0.00% 0.12 0.37% 99.40 32
20211103 32.2 32.45 32.73 32.07 1117607.25 362741 0.00% 0.45 1.41% 270.00 88
20211102 32.55 32.0 32.69 31.35 1673417.20 535493 0.00% -0.61 -1.87% 55.00 18
20211101 32.61 32.61 33.0 32.5 1032834.78 338031 0.00% -0.29 -0.88% 182.55 60
20211029 32.2 32.9 33.1 32.12 1321863.23 432787 0.00% 0.60 1.86% 274.20 90
20211028 32.71 32.3 33.03 32.16 1391214.69 452930 0.00% -0.60 -1.82% 361.00 117
20211027 33.8 32.9 33.9 32.6 1831646.58 604244 0.00% -1.01 -2.98% 59.00 19
20211026 33.78 33.91 34.25 33.7 1323369.45 450046 0.00% -0.03 -0.09% 168.00 57
20211025 33.26 33.94 34.1 32.96 1599071.59 536564 0.00% 0.70 2.11% 135.00 46
20211022 33.67 33.24 33.75 33.21 966589.22 322846 0.00% -0.33 -0.98% 220.00 73
20211021 33.48 33.57 33.8 32.91 1261393.28 421434 0.00% 0.11 0.33% 337.00 113
20211020 33.6 33.46 34.05 33.33 1106716.22 372509 0.00% 0.03 0.09% 130.00 43
20211019 33.6 33.43 34.1 33.23 1353967.40 454341 0.00% -0.18 -0.54% 48.00 16
20211018 34.0 33.61 34.26 33.25 1591332.46 536301 0.00% -0.26 -0.77% 403.00 135
20211015 32.5 33.87 34.05 32.42 1479945.93 496250 0.00% 0.77 2.33% 320.80 109
20211014 33.19 33.1 33.36 32.81 807569.60 267542 0.00% -0.10 -0.30% 458.00 152
20211013 32.63 33.2 33.44 32.23 1148320.16 378754 0.00% 0.42 1.28% 519.00 172
20211012 34.0 32.78 34.04 32.15 2413652.51 795808 0.00% -1.63 -4.74% 256.00 84
20211011 34.57 34.41 35.26 34.3 1192235.63 413579 0.00% -0.18 -0.52% 61.00 21
20211008 34.85 34.59 35.39 34.1 1509779.33 523875 0.00% 0.22 0.64% 154.60 53
20210930 33.95 34.37 34.65 33.42 1392954.38 476929 0.00% 0.69 2.05% 289.00 99
20210929 34.17 33.68 34.19 33.2 1467154.94 493851 0.00% -0.62 -1.81% 239.20 81
20210928 33.26 34.3 34.77 32.99 2221978.92 759381 0.00% 1.36 4.13% 493.00 169
20210927 34.45 32.94 35.08 32.75 2758941.00 939976 0.00% -1.37 -3.99% 1565.00 516
20210924 34.18 34.31 35.03 34.1 1232022.03 425912 0.00% -0.02 -0.06% 748.80 257
20210923 34.91 34.33 35.5 34.08 1730172.30 601141 0.00% -0.02 -0.06% 389.00 134
20210922 34.0 34.35 34.79 33.86 1058159.19 363379 0.00% -0.35 -1.01% 285.84 98
20210917 34.08 34.7 34.96 33.79 1399441.17 481714 0.00% 0.62 1.82% 250.00 87
20210916 35.46 34.08 35.51 33.55 2195664.88 753906 0.00% -1.23 -3.48% 884.00 301
20210915 35.8 35.31 35.8 34.7 1706941.83 601525 0.00% -0.09 -0.25% 331.00 117
20210914 36.38 35.4 36.64 35.0 2581823.24 922640 0.00% -0.76 -2.10% 892.00 316
20210913 35.6 36.16 36.8 35.57 2530003.00 918054 0.00% 0.71 2.00% 395.00 143
20210910 35.35 35.45 36.48 35.25 2619172.78 937520 0.00% 0.19 0.54% 726.00 257
20210909 35.2 35.26 35.68 34.6 1987842.25 696075 0.00% -0.03 -0.09% 569.62 201
20210908 34.1 35.29 36.75 34.0 4135628.10 1475127 0.00% 1.09 3.19% 410.00 145
20210907 32.76 34.2 34.79 32.6 4246769.58 1430549 0.00% 1.21 3.67% 601.40 206
20210906 30.92 32.99 33.5 30.82 4646168.26 1516768 0.00% 1.71 5.47% 716.00 236
20210903 32.85 31.28 33.04 31.27 2939772.70 945670 0.00% -0.46 -1.45% 481.00 150
20210902 31.5 31.74 32.29 31.36 2175634.84 692916 0.00% 0.00 0.00% 330.00 105
20210901 30.78 31.74 32.7 30.36 3746785.15 1186478 0.00% 0.79 2.55% 943.00 299
20210831 30.3 30.95 31.25 30.0 2433945.28 745417 0.00% 0.43 1.41% 248.20 77
20210830 31.21 30.52 31.29 29.93 2268279.63 692455 0.00% -0.48 -1.55% 115.60 35
20210827 30.85 31.0 31.38 30.71 1340908.69 414772 0.00% 0.02 0.06% 222.60 69
20210826 31.45 30.98 31.85 30.96 1782439.55 558607 0.00% -0.56 -1.78% 180.00 56
20210825 32.0 31.54 32.01 31.22 1712897.30 540090 0.00% -0.63 -1.96% 355.20 112
20210824 31.53 32.17 32.88 31.16 2634517.63 843630 0.00% 0.64 2.03% 545.80 176
20210823 31.51 31.53 31.96 31.11 1654203.42 521593 0.00% 0.12 0.38% 105.00 33
20210820 31.93 31.41 32.55 30.95 2540794.67 801680 0.00% -0.67 -2.09% 155.00 49
20210819 33.21 32.08 33.4 31.79 3239069.07 1050014 0.00% -1.13 -3.40% 508.00 163
20210818 31.29 33.21 33.8 30.81 4559161.13 1489513 0.00% 2.23 7.20% 510.63 170
20210817 31.98 30.98 32.98 30.91 2859724.06 913522 0.00% -1.21 -3.76% 581.00 180
20210816 32.17 32.19 33.0 32.07 1770361.72 576158 0.00% 0.03 0.09% 86.80 28
20210813 31.8 32.16 32.66 31.71 1271960.02 409621 0.00% 0.10 0.31% 452.00 145
20210812 32.8 32.06 33.0 31.9 1922757.75 621699 0.00% -0.90 -2.73% 745.00 239
20210811 33.75 32.96 33.98 32.81 1951506.03 649058 0.00% -0.74 -2.20% 319.32 105
20210810 33.0 33.7 33.72 32.5 2523806.08 835500 0.00% 0.44 1.32% 982.00 331
20210809 32.69 33.26 33.78 32.58 2242187.07 748547 0.00% 0.33 1.00% 413.00 137
20210806 32.66 32.93 33.51 32.66 1647063.20 544266 0.00% 0.24 0.73% 660.40 217
20210805 33.6 32.69 33.6 32.38 2041567.46 672248 0.00% -0.88 -2.62% 144.40 47
20210804 33.1 33.57 33.88 32.71 2218572.59 739167 0.00% 0.34 1.02% 419.00 141
20210803 32.9 33.23 34.25 32.75 2991645.01 997950 0.00% 0.20 0.61% 665.00 221
20210802 31.1 33.03 33.86 30.7 3620730.55 1181464 0.00% 1.98 6.38% 420.80 139
20210730 31.71 31.05 31.94 30.82 2171747.35 679200 0.00% -1.04 -3.24% 333.48 104
20210729 31.5 32.09 32.45 31.23 3288424.74 1048348 0.00% 1.60 5.25% 369.80 119
20210728 30.75 30.49 31.28 29.38 2976611.43 906218 0.00% -0.49 -1.58% 55.00 17
20210727 33.5 30.98 33.61 30.71 3262216.60 1045926 0.00% -1.84 -5.61% 922.00 286
20210726 34.39 32.82 34.47 32.5 3469322.51 1162412 0.00% -1.30 -3.81% 513.00 168
20210723 35.1 34.12 36.09 33.9 3704324.30 1286649 0.00% -0.97 -2.76% 616.00 210
20210722 34.39 35.09 35.2 33.94 3061140.14 1057591 0.00% 0.90 2.63% 1011.60 355
20210721 32.78 34.19 34.78 32.65 3706942.38 1263245 0.00% 1.72 5.30% 509.00 174
20210720 32.22 32.47 32.91 32.13 1204852.95 391020 0.00% -0.11 -0.34% 203.00 66
20210719 32.23 32.58 32.79 32.05 1511340.21 490766 0.00% 0.08 0.25% 75.00 24
20210716 33.33 32.5 33.47 32.3 2365988.44 779245 0.00% -0.59 -1.78% 822.00 267
20210715 32.0 33.09 33.38 31.88 2628816.17 860706 0.00% 0.94 2.92% 385.20 127
20210714 32.15 32.15 32.85 31.88 1944698.09 627746 0.00% -0.17 -0.53% 248.80 80
20210713 32.71 32.32 33.05 32.08 2167411.54 704877 0.00% -0.67 -2.03% 405.40 131
20210712 32.15 32.99 33.59 31.51 4508549.89 1474669 0.00% 1.50 4.76% 642.00 212
20210709 30.9 31.49 31.69 30.65 2096197.28 655132 0.00% 0.29 0.93% 339.20 107
20210708 30.8 31.2 32.12 30.8 3399633.03 1071841 0.00% 0.72 2.36% 386.80 121
20210707 29.5 30.48 30.77 29.48 2289475.21 693748 0.00% 0.43 1.43% 854.40 260
20210706 29.83 30.05 30.1 29.21 2130202.12 630414 0.00% 0.24 0.81% 548.00 165
20210705 29.62 29.81 29.98 29.22 1950733.87 578120 0.00% 0.09 0.30% 248.61 74
20210702 31.02 29.72 31.02 29.48 3282944.05 986215 0.00% -1.44 -4.62% 828.00 246
20210701 33.75 31.16 33.88 31.13 3531828.14 1130803 0.00% -1.63 -4.97% 1056.00 329
20210630 31.95 32.79 33.09 31.78 2582297.32 839039 0.00% 1.04 3.28% 291.40 96
20210629 32.75 31.75 32.75 31.56 2420875.86 775565 0.00% -1.03 -3.14% 247.00 78
20210628 32.8 32.78 32.91 32.19 2649544.26 864417 0.00% 0.08 0.24% 742.00 243
20210625 30.7 32.7 33.2 30.42 4871876.19 1569041 0.00% 2.20 7.21% 988.30 323
20210624 31.0 30.5 31.18 30.4 1648186.55 506678 0.00% -0.46 -1.49% 469.40 143
20210623 30.66 30.96 31.24 30.31 1980094.76 610534 0.00% 0.39 1.28% 386.00 120
20210622 30.78 30.57 30.89 30.11 1462616.80 445709 0.00% -0.05 -0.16% 351.60 107
20210621 30.58 30.62 31.08 30.38 2024753.03 620961 0.00% 0.38 1.26% 194.80 60
20210618 29.9 30.24 30.68 29.65 2132171.28 643273 0.00% 0.57 1.92% 180.00 54
20210617 28.88 29.67 29.96 28.88 2359380.04 696983 0.00% 0.84 2.91% 296.80 88
20210616 30.71 28.83 31.06 28.8 3830795.15 1130193 0.00% -2.02 -6.55% 882.40 254
20210615 31.37 30.85 31.52 30.4 1910801.10 590962 0.00% -0.52 -1.66% 320.00 99
20210611 31.51 31.37 31.79 31.11 2539990.50 800448 0.00% 0.08 0.26% 963.88 302
20210610 30.49 31.29 32.0 30.48 3168015.58 994531 0.00% 0.89 2.93% 206.00 64
20210609 30.79 30.4 31.1 29.92 2137572.55 648901 0.00% -0.47 -1.52% 271.00 82
20210608 31.0 30.87 31.64 30.72 2138614.82 665860 0.00% -0.33 -1.06% 119.20 37
20210607 31.0 31.2 31.6 30.5 2243388.04 696057 0.00% 0.18 0.58% 447.20 140
20210604 30.6 31.02 31.97 30.42 2994960.55 931994 0.00% 0.16 0.52% 262.00 81
20210603 30.76 30.86 31.94 30.76 2666024.22 837052 0.00% 0.22 0.72% 177.60 55
20210602 31.42 30.64 31.66 30.43 2104028.33 650454 0.00% -0.72 -2.30% 558.40 171
20210601 31.5 31.36 31.68 30.76 2131901.08 665683 0.00% -0.44 -1.38% 373.80 117
20210531 31.04 31.8 31.8 30.62 2328289.56 728003 0.00% 0.49 1.56% 477.04 152
20210528 31.3 31.31 32.4 30.85 2784335.69 877656 0.00% -0.11 -0.35% 346.20 108
20210527 31.32 31.42 31.8 30.56 2310736.57 719658 0.00% -6.20 -16.48% 798.00 251
20210526 38.3 37.62 38.52 37.37 2424144.08 916209 0.00% -0.36 -0.95% 195.00 73
20210525 35.4 37.98 38.29 35.34 3681035.24 1374430 0.00% 2.63 7.44% 201.00 76
20210524 35.4 35.35 36.08 35.1 2293171.51 815579 0.00% 0.86 2.49% 463.76 164
20210521 35.8 34.49 35.8 34.38 2277526.39 793072 0.00% -1.23 -3.44% 1148.44 396
20210520 35.4 35.72 36.47 35.2 2302024.81 823271 0.00% 0.50 1.42% 339.00 121
20210519 34.23 35.22 36.1 34.2 2297210.21 811070 0.00% 0.81 2.35% 540.00 190
20210518 34.3 34.41 35.52 34.2 2182175.63 757429 0.00% 0.09 0.26% 219.00 75
20210517 33.9 34.32 34.75 33.8 3163581.02 1087220 0.00% -0.08 -0.23% 774.00 266
20210514 30.9 34.4 34.89 30.86 4533814.60 1499064 0.00% 3.90 12.79% 833.00 287
20210513 30.0 30.5 30.95 29.92 1140028.75 346652 0.00% 0.04 0.13% 157.00 48
20210512 30.2 30.46 30.53 30.0 1135110.07 343910 0.00% -0.20 -0.65% 216.00 66
20210511 29.71 30.66 30.99 29.4 1713750.31 517282 0.00% 0.67 2.23% 338.00 104
20210510 30.15 29.99 30.3 29.52 1376235.18 410879 0.00% -0.20 -0.66% 222.00 67
20210507 31.59 30.19 31.66 30.01 1614686.38 495642 0.00% -1.11 -3.55% 409.00 123
20210506 32.12 31.3 32.3 30.78 1951784.51 614586 0.00% -0.94 -2.92% 237.00 74
20210430 31.9 32.24 32.69 31.78 1727811.43 558329 0.00% 0.25 0.78% 482.00 155
20210429 31.68 31.99 32.75 31.6 2261600.32 727742 0.00% 0.24 0.76% 459.45 147
20210428 30.01 31.75 32.08 29.96 2317615.73 727869 0.00% 1.54 5.10% 467.00 148
20210427 30.1 30.21 30.9 29.35 3059493.39 918186 0.00% -0.81 -2.61% 480.00 145
20210426 32.0 31.02 32.2 30.85 2567584.46 811413 0.00% -0.57 -1.80% 652.00 202
20210423 30.4 31.59 32.04 30.31 2521035.13 793299 0.00% 1.08 3.54% 923.00 292
20210422 30.34 30.51 30.93 30.0 1633340.06 497935 0.00% 0.58 1.94% 212.54 65
20210421 29.46 29.93 30.29 29.42 1269480.17 380270 0.00% 0.15 0.50% 209.00 63
20210420 29.77 29.78 30.35 29.71 1868420.16 561362 0.00% -0.34 -1.13% 224.00 67
20210419 28.35 30.12 30.25 28.13 2877403.22 848215 0.00% 1.55 5.43% 556.00 167
20210416 28.6 28.57 28.82 28.05 1399280.95 398200 0.00% 0.03 0.11% 372.00 106
20210415 28.01 28.54 28.55 27.96 1381111.45 389865 0.00% 0.16 0.56% 294.00 84
20210414 27.22 28.38 28.41 27.16 2057630.74 576776 0.00% 1.34 4.96% 885.00 251
20210413 26.94 27.04 27.42 26.85 1296412.52 351719 0.00% 0.19 0.71% 70.00 19
20210412 27.71 26.85 28.03 26.73 1605495.89 438846 0.00% -0.83 -3.00% 232.00 62
20210409 28.0 27.68 28.17 27.54 1073043.17 298626 0.00% -0.42 -1.49% 223.00 62
20210408 27.7 28.1 28.43 27.52 1418613.94 398675 0.00% 0.22 0.79% 128.00 36
20210407 28.2 27.88 28.28 27.7 1580703.59 440998 0.00% -0.73 -2.55% 78.00 22
20210406 29.11 28.61 29.35 28.3 1517261.72 435621 0.00% -0.26 -0.90% 319.00 91
20210402 28.66 28.87 29.17 28.6 2386359.44 688014 0.00% 0.67 2.38% 460.00 133
20210401 27.51 28.2 28.27 27.27 1849181.45 514700 0.00% 0.94 3.45% 963.00 272
20210331 27.85 27.26 27.86 27.07 1386863.40 378613 0.00% -0.69 -2.47% 652.00 178
20210330 27.65 27.95 28.15 27.4 1372135.52 382033 0.00% 0.18 0.65% 130.00 36
20210329 28.09 27.77 28.58 27.71 1806242.14 507469 0.00% -0.33 -1.17% 77.00 21
20210326 27.45 28.1 28.38 27.42 2666895.62 745158 0.00% 0.87 3.20% 751.00 211
20210325 26.75 27.23 27.52 26.44 1695967.81 457593 0.00% 0.16 0.59% 169.00 46
20210324 26.91 27.07 27.83 26.86 2049521.73 558561 0.00% -0.08 -0.29% 110.00 30
20210323 27.6 27.15 27.78 26.72 1923289.84 522870 0.00% -0.46 -1.67% 176.00 48
20210322 27.38 27.61 28.1 27.08 1838635.85 506831 0.00% 0.46 1.69% 216.00 60
20210319 27.68 27.15 27.75 26.96 1922099.52 525246 0.00% -1.09 -3.86% 285.00 77
20210318 27.53 28.24 28.64 27.41 2596500.26 731707 0.00% 0.87 3.18% 437.00 123
20210317 27.1 27.37 27.69 26.88 1535357.87 419952 0.00% 0.16 0.59% 108.00 30
20210316 27.78 27.21 27.78 26.81 1549588.60 422164 0.00% -0.12 -0.44% 393.28 107
20210315 27.99 27.33 28.0 27.06 1808119.97 495702 0.00% -0.83 -2.95% 559.00 153
20210312 28.7 28.16 28.89 27.92 2057802.47 581790 0.00% -0.44 -1.54% 364.00 103
20210311 27.97 28.6 29.08 27.81 2171989.70 619807 0.00% 0.79 2.84% 248.00 71
