日期 开盘价 收盘价 最高价 最低价 成交量（手） 成交额（万元） 换手率 涨跌额 涨跌幅（%）
20211108 9.49 9.3 9.58 9.18 94560.27 8802 0.00% -0.12 -1.27% 0.00 0
20211105 9.42 9.42 9.44 9.09 135279.34 12541 0.00% 0.06 0.64% 0.00 0
20211104 9.39 9.36 9.47 9.32 74654.26 7002 0.00% -0.03 -0.32% 0.00 0
20211103 9.66 9.39 9.72 9.36 84419.34 8018 0.00% -0.29 -3.00% 0.00 0
20211102 9.98 9.68 10.14 9.58 111317.80 10869 0.00% -0.28 -2.81% 0.00 0
20211101 9.82 9.96 10.05 9.77 83454.53 8299 0.00% 0.14 1.43% 0.00 0
20211029 9.82 9.82 9.91 9.73 69186.49 6784 0.00% 0.01 0.10% 0.00 0
20211028 9.93 9.81 9.99 9.72 66052.47 6485 0.00% -0.12 -1.21% 0.00 0
20211027 10.3 9.93 10.3 9.75 169115.62 16793 0.00% -0.47 -4.52% 0.00 0
20211026 10.21 10.4 10.52 10.2 108624.60 11266 0.00% 0.20 1.96% 0.00 0
20211025 10.25 10.2 10.3 10.1 65621.86 6670 0.00% -0.02 -0.20% 0.00 0
20211022 10.22 10.22 10.28 10.1 58689.65 5978 0.00% 0.02 0.20% 0.00 0
20211021 10.25 10.2 10.33 10.1 72816.92 7434 0.00% -0.10 -0.97% 0.00 0
20211020 10.36 10.3 10.4 10.26 55443.93 5723 0.00% -0.06 -0.58% 0.00 0
20211019 10.36 10.36 10.48 10.3 71293.13 7397 0.00% 0.01 0.10% 0.00 0
20211018 10.3 10.35 10.43 10.2 61162.93 6326 0.00% 0.01 0.10% 0.00 0
20211015 10.6 10.34 10.6 10.18 128257.57 13225 0.00% -0.27 -2.54% 0.00 0
20211014 10.41 10.61 10.74 10.34 103016.24 10930 0.00% 0.20 1.92% 0.00 0
20211013 10.36 10.41 10.45 10.17 67728.01 6986 0.00% 0.00 0.00% 0.00 0
20211012 10.59 10.41 10.6 10.31 72818.33 7617 0.00% -0.18 -1.70% 0.00 0
20211011 10.7 10.59 10.74 10.45 90930.12 9614 0.00% -0.11 -1.03% 0.00 0
20211008 10.6 10.7 10.79 10.46 85222.19 9064 0.00% 0.20 1.90% 10.00 1
20210930 10.37 10.5 10.52 10.25 90354.60 9405 0.00% 0.18 1.74% 0.00 0
20210929 10.58 10.32 10.66 10.2 100170.31 10397 0.00% -0.31 -2.92% 0.00 0
20210928 10.64 10.63 10.81 10.4 90436.12 9606 0.00% 0.00 0.00% 0.00 0
20210927 11.03 10.63 11.1 10.28 172538.48 18349 0.00% -0.39 -3.54% 0.00 0
20210924 11.4 11.02 11.57 10.92 162912.60 18254 0.00% -0.48 -4.17% 0.00 0
20210923 12.1 11.5 12.13 11.46 188499.25 22198 0.00% -0.56 -4.64% 0.00 0
20210922 11.97 12.06 12.16 11.9 84120.25 10134 0.00% -0.07 -0.58% 0.00 0
20210917 11.82 12.13 12.13 11.77 132656.51 15926 0.00% 0.29 2.45% 0.00 0
20210916 12.01 11.84 12.17 11.83 149882.20 18045 0.00% -0.19 -1.58% 20.00 2
20210915 12.07 12.03 12.15 11.9 137533.74 16530 0.00% -0.16 -1.31% 10.00 1
20210914 12.03 12.19 12.28 11.95 160601.00 19475 0.00% 0.09 0.74% 0.00 0
20210913 12.13 12.1 12.23 11.96 118520.18 14328 0.00% -0.05 -0.41% 2.00 0
20210910 12.28 12.15 12.3 11.97 163892.20 19835 0.00% -0.13 -1.06% 0.00 0
20210909 12.21 12.28 12.28 11.96 133647.51 16220 0.00% 0.05 0.41% 0.00 0
20210908 12.42 12.23 12.48 12.15 162406.20 19902 0.00% -0.18 -1.45% 0.00 0
20210907 12.25 12.41 12.82 12.11 203135.61 25303 0.00% 0.14 1.14% 4.00 0
20210906 11.99 12.27 12.29 11.64 204851.45 24594 0.00% 0.27 2.25% 83.00 10
20210903 11.88 12.0 12.44 11.85 184932.10 22400 0.00% 0.00 0.00% 0.00 0
20210902 11.94 12.0 12.16 11.73 200004.05 24017 0.00% 0.06 0.50% 0.00 0
20210901 12.69 11.94 12.79 11.8 373132.63 45361 0.00% -0.82 -6.43% 1.00 0
20210831 13.17 12.76 13.17 12.7 304072.63 39258 0.00% -0.41 -3.11% 0.00 0
20210830 12.62 13.17 13.18 12.51 420395.26 54512 0.00% 0.29 2.25% 0.00 0
20210827 12.62 12.88 13.22 12.18 413500.27 52818 0.00% 0.26 2.06% 0.00 0
20210826 12.46 12.62 12.92 12.41 277403.59 35161 0.00% 0.05 0.40% 2.00 0
20210825 12.61 12.57 13.07 12.45 317648.17 40229 0.00% -0.18 -1.41% 0.00 0
20210824 13.71 12.75 13.71 12.67 531492.29 69268 0.00% -0.80 -5.90% 18.00 2
20210823 12.96 13.55 13.7 12.61 523353.31 69697 0.00% 1.02 8.14% 99.00 13
20210820 12.27 12.53 12.58 12.12 202595.37 25130 0.00% 0.12 0.97% 0.00 0
20210819 12.27 12.41 12.48 12.06 151074.85 18540 0.00% 0.15 1.22% 0.00 0
20210818 12.01 12.26 12.41 12.01 156238.94 19134 0.00% 0.07 0.57% 0.00 0
20210817 12.63 12.19 12.75 12.01 211372.27 26041 0.00% -0.58 -4.54% 0.00 0
20210816 12.57 12.77 12.91 12.35 248689.85 31513 0.00% 0.32 2.57% 0.00 0
20210813 12.13 12.45 12.54 12.1 175363.25 21694 0.00% 0.20 1.63% 0.00 0
20210812 12.69 12.25 12.76 12.19 199540.72 24639 0.00% -0.39 -3.09% 0.00 0
20210811 12.51 12.64 12.7 12.32 224718.01 28177 0.00% 0.18 1.44% 4.00 1
20210810 12.29 12.46 12.65 12.21 172662.09 21493 0.00% 0.06 0.48% 0.00 0
20210809 12.22 12.4 12.77 12.18 201478.73 25001 0.00% 0.20 1.64% 0.00 0
20210806 12.3 12.2 12.5 11.99 261379.11 31907 0.00% -0.35 -2.79% 0.00 0
20210805 13.08 12.55 13.16 12.4 350451.83 44494 0.00% -0.52 -3.98% 18.00 2
20210804 13.08 13.07 13.4 12.63 434871.69 56483 0.00% 0.63 5.06% 0.00 0
20210803 13.19 12.44 13.45 12.33 425233.40 54552 0.00% -0.26 -2.05% 0.00 0
20210802 11.54 12.7 12.97 11.38 375021.99 46256 0.00% 1.22 10.63% 22.80 3
20210730 11.1 11.48 11.5 11.08 153174.39 17389 0.00% 0.34 3.05% 1.00 0
20210729 10.85 11.14 11.28 10.8 124597.22 13850 0.00% 0.32 2.96% 163.00 18
20210728 10.87 10.82 10.94 10.3 123441.97 13193 0.00% -0.05 -0.46% 0.00 0
20210727 11.29 10.87 11.39 10.8 183062.54 20246 0.00% -0.40 -3.55% 0.00 0
20210726 11.22 11.27 11.49 11.11 164022.70 18512 0.00% -0.10 -0.88% 5.00 1
20210723 11.3 11.37 11.42 11.01 143906.86 16161 0.00% 0.10 0.89% 0.00 0
20210722 11.23 11.27 11.35 11.13 115599.76 12982 0.00% -0.05 -0.44% 0.00 0
20210721 11.41 11.32 11.44 11.17 118764.69 13422 0.00% -0.06 -0.53% 0.00 0
20210720 11.18 11.38 11.41 11.09 123581.19 13980 0.00% 0.10 0.89% 0.00 0
20210719 11.05 11.28 11.38 10.94 159011.06 17850 0.00% 0.29 2.64% 0.00 0
20210716 10.94 10.99 11.09 10.86 76635.80 8414 0.00% 0.01 0.09% 0.00 0
20210715 10.86 10.98 11.01 10.76 102196.96 11146 0.00% 0.12 1.10% 0.00 0
20210714 10.98 10.86 10.98 10.8 93660.17 10190 0.00% -0.09 -0.82% 0.00 0
20210713 10.98 10.95 11.05 10.83 102473.45 11219 0.00% 0.01 0.09% 0.00 0
20210712 10.9 10.94 11.02 10.74 106542.27 11604 0.00% 0.07 0.64% 4.00 0
20210709 10.96 10.87 11.06 10.81 116949.07 12739 0.00% -0.07 -0.64% 3.00 0
20210708 10.79 10.94 10.99 10.7 129973.93 14158 0.00% 0.19 1.77% 5.00 1
20210707 10.69 10.75 10.82 10.59 111762.52 11992 0.00% 0.06 0.56% 0.00 0
20210706 10.48 10.69 10.75 10.42 148834.60 15762 0.00% 0.23 2.20% 0.00 0
20210705 10.57 10.46 10.61 10.36 93706.80 9811 0.00% -0.05 -0.48% 0.00 0
20210702 10.3 10.51 10.6 10.23 151373.97 15872 0.00% 0.21 2.04% 4.00 0
20210701 10.35 10.3 10.39 10.21 71707.00 7378 0.00% -0.08 -0.77% 0.00 0
20210630 10.5 10.38 10.51 10.28 92273.40 9573 0.00% -0.11 -1.05% 0.00 0
20210629 10.39 10.49 10.56 10.29 108037.80 11293 0.00% 0.10 0.96% 0.00 0
20210628 10.52 10.39 10.55 10.31 88092.58 9174 0.00% -0.13 -1.24% 0.00 0
20210625 10.22 10.52 10.52 10.19 110574.20 11521 0.00% 0.27 2.63% 0.00 0
20210624 10.26 10.25 10.46 10.15 67934.20 6952 0.00% -0.03 -0.29% 0.00 0
20210623 10.46 10.28 10.51 10.24 72572.00 7513 0.00% -0.17 -1.63% 0.00 0
20210622 10.47 10.45 10.6 10.39 61873.00 6482 0.00% 0.01 0.10% 0.00 0
20210621 10.45 10.44 10.57 10.34 61376.22 6409 0.00% -0.02 -0.19% 0.00 0
20210618 10.25 10.46 10.53 10.2 88531.08 9204 0.00% 0.22 2.15% 0.00 0
20210617 10.15 10.24 10.38 10.15 55663.39 5716 0.00% 0.04 0.39% 20.00 2
20210616 10.29 10.2 10.35 10.1 47484.60 4841 0.00% -0.11 -1.07% 0.00 0
20210615 10.27 10.31 10.4 10.2 48499.92 4996 0.00% -0.01 -0.10% 0.00 0
20210611 10.38 10.32 10.43 10.25 53286.91 5505 0.00% -0.02 -0.19% 0.00 0
20210610 10.2 10.34 10.47 10.2 67448.89 6986 0.00% 0.08 0.78% 0.00 0
20210609 10.21 10.26 10.34 10.16 46563.28 4772 0.00% 0.05 0.49% 0.00 0
20210608 10.22 10.21 10.27 10.16 46123.60 4710 0.00% 0.00 0.00% 0.00 0
20210607 10.28 10.21 10.43 10.18 48726.08 4993 0.00% -0.05 -0.49% 0.00 0
20210604 10.14 10.26 10.3 10.1 51297.67 5245 0.00% 0.06 0.59% 0.00 0
20210603 10.24 10.2 10.32 10.18 36095.97 3694 0.00% -0.04 -0.39% 0.00 0
20210602 10.28 10.24 10.34 10.16 56199.00 5752 0.00% -0.05 -0.49% 0.00 0
20210601 10.26 10.29 10.42 10.13 73836.32 7597 0.00% 0.03 0.29% 0.00 0
20210531 9.98 10.26 10.32 9.84 101374.00 10276 0.00% 0.33 3.32% 0.00 0
20210528 9.86 9.93 10.03 9.8 68694.18 6811 0.00% 0.02 0.20% 0.00 0
20210527 9.89 9.91 9.94 9.7 85423.70 8412 0.00% 0.02 0.20% 0.00 0
20210526 9.94 9.89 10.04 9.89 41335.32 4110 0.00% -0.08 -0.80% 0.00 0
20210525 9.98 9.97 10.14 9.88 63883.60 6375 0.00% -0.02 -0.20% 0.00 0
20210524 9.91 9.99 10.1 9.77 64227.80 6402 0.00% 0.14 1.42% 0.00 0
20210521 9.65 9.85 9.9 9.65 62977.42 6155 0.00% 0.21 2.18% 0.00 0
20210520 9.88 9.64 9.96 9.62 65532.00 6392 0.00% -0.26 -2.63% 0.00 0
20210519 9.9 9.9 10.04 9.85 40886.14 4063 0.00% -0.07 -0.70% 0.00 0
20210518 9.98 9.97 10.09 9.9 51920.81 5179 0.00% -0.01 -0.10% 0.00 0
20210517 10.11 9.98 10.17 9.9 66293.86 6653 0.00% -0.11 -1.09% 0.00 0
20210514 10.04 10.09 10.18 9.98 52520.76 5293 0.00% 0.04 0.40% 0.00 0
20210513 10.15 10.05 10.3 10.0 50366.88 5091 0.00% -0.20 -1.95% 0.00 0
20210512 10.07 10.25 10.27 10.01 55080.44 5607 0.00% 0.12 1.18% 4.00 0
20210511 10.09 10.13 10.15 9.9 67362.65 6758 0.00% -0.01 -0.10% 0.00 0
20210510 10.37 10.14 10.37 10.07 71809.00 7302 0.00% -0.19 -1.84% 0.00 0
20210507 10.56 10.33 10.57 10.3 65521.82 6847 0.00% -0.17 -1.62% 0.00 0
20210506 10.67 10.5 10.7 10.32 66535.31 6960 0.00% -0.11 -1.04% 0.00 0
20210430 10.73 10.61 10.82 10.54 63525.76 6777 0.00% -0.10 -0.93% 0.00 0
20210429 10.7 10.71 10.96 10.55 69871.32 7519 0.00% 0.01 0.09% 0.00 0
20210428 10.81 10.7 10.95 10.66 58481.78 6287 0.00% -0.10 -0.93% 0.00 0
20210427 10.8 10.8 11.02 10.71 74888.13 8121 0.00% 0.08 0.75% 0.00 0
20210426 10.96 10.72 11.03 10.69 69368.32 7498 0.00% -0.19 -1.74% 0.00 0
20210423 10.98 10.91 11.06 10.85 57417.08 6279 0.00% -0.05 -0.46% 0.00 0
20210422 10.89 10.96 11.1 10.77 74548.43 8162 0.00% 0.11 1.01% 0.00 0
20210421 10.85 10.85 10.98 10.79 63923.60 6944 0.00% -0.04 -0.37% 0.00 0
20210420 10.83 10.89 11.02 10.77 86813.26 9471 0.00% 0.04 0.37% 0.00 0
20210419 10.73 10.85 10.96 10.69 112159.57 12174 0.00% 0.13 1.21% 0.00 0
20210416 10.49 10.72 10.8 10.41 105810.80 11271 0.00% 0.21 2.00% 0.00 0
20210415 10.55 10.51 10.75 10.28 118759.06 12444 0.00% 0.16 1.55% 1.00 0
20210414 10.86 10.35 10.98 10.26 193882.39 20412 0.00% -0.51 -4.70% 5.00 1
20210413 11.04 10.86 11.14 10.82 82843.00 9070 0.00% -0.16 -1.45% 0.00 0
20210412 11.06 11.02 11.11 10.87 84943.04 9326 0.00% -0.01 -0.09% 0.00 0
20210409 11.19 11.03 11.21 10.96 76816.00 8509 0.00% -0.15 -1.34% 0.00 0
20210408 10.95 11.18 11.48 10.86 145296.92 16323 0.00% 0.15 1.36% 0.00 0
20210407 11.37 11.03 11.4 10.96 134432.00 14946 0.00% -0.34 -2.99% 2.00 0
20210406 10.79 11.37 11.44 10.71 188500.46 21095 0.00% 0.59 5.47% 20.00 2
20210402 10.93 10.78 11.1 10.72 93143.81 10144 0.00% -0.21 -1.91% 0.00 0
20210401 10.85 10.99 11.13 10.77 102952.00 11309 0.00% 0.22 2.04% 0.00 0
20210331 10.95 10.77 10.98 10.7 111748.60 12091 0.00% -0.21 -1.91% 20.00 2
20210330 11.2 10.98 11.2 10.78 157674.20 17316 0.00% -0.21 -1.88% 0.00 0
20210329 11.28 11.19 11.43 11.1 123205.32 13810 0.00% -0.11 -0.97% 2.00 0
20210326 11.22 11.3 11.63 11.12 158507.80 18068 0.00% 0.10 0.89% 102.00 12
20210325 11.06 11.2 11.42 10.91 151503.40 17040 0.00% 0.12 1.08% 3.00 0
20210324 11.15 11.08 11.24 10.97 104369.00 11559 0.00% -0.13 -1.16% 0.00 0
20210323 11.28 11.21 11.34 10.98 134351.82 15000 0.00% 0.00 0.00% 0.00 0
20210322 11.3 11.21 11.46 11.13 157499.36 17714 0.00% -0.01 -0.09% 0.00 0
20210319 11.38 11.22 11.38 11.1 180720.40 20310 0.00% -0.13 -1.15% 0.00 0
20210318 10.85 11.35 11.55 10.67 302222.21 34022 0.00% 0.57 5.29% 0.00 0
20210317 10.36 10.78 10.84 10.16 220071.25 23188 0.00% 0.45 4.36% 5.00 1
20210316 10.36 10.33 10.48 10.29 94813.00 9838 0.00% -0.06 -0.58% 9.00 1
20210315 10.55 10.39 10.67 10.3 117865.00 12318 0.00% -0.18 -1.70% 0.00 0
20210312 10.38 10.57 10.74 10.11 234604.18 24546 0.00% 0.20 1.93% 0.00 0
20210311 10.47 10.37 10.49 10.18 135173.00 13943 0.00% -0.08 -0.77% 0.00 0
