日期 开盘价 收盘价 最高价 最低价 成交量（手） 成交额（万元） 换手率 涨跌额 涨跌幅（%）
20211108 128.5 127.85 129.55 124.24 165947.89 210629 0.00% -4.97 -3.74%
20211105 131.0 132.82 134.5 129.45 83890.10 111332 0.00% -0.68 -0.51%
20211104 135.0 133.5 136.0 132.25 101286.68 135302 0.00% -1.78 -1.32%
20211103 131.5 135.28 137.46 131.2 142850.87 192939 0.00% 4.39 3.35%
20211102 138.0 130.89 139.87 129.26 241090.88 319893 0.00% -7.91 -5.70%
20211101 149.19 138.8 149.31 138.38 198933.40 282194 0.00% -11.40 -7.59%
20211029 147.0 150.2 152.84 138.01 164989.68 243638 0.00% 3.12 2.12%
20211028 146.79 147.08 149.08 146.25 77912.34 114870 0.00% 0.28 0.19%
20211027 146.57 146.8 149.5 146.17 58947.23 86936 0.00% -0.47 -0.32%
20211026 148.01 147.27 150.4 146.3 75634.39 111861 0.00% -0.25 -0.17%
20211025 149.96 147.52 151.6 146.0 84188.50 124353 0.00% -3.21 -2.13%
20211022 146.29 150.73 153.88 145.71 106132.02 159581 0.00% 4.44 3.04%
20211021 145.98 146.29 149.64 144.5 92721.74 136074 0.00% 0.44 0.30%
20211020 143.32 145.85 147.2 142.22 76587.30 111123 0.00% 1.73 1.20%
20211019 143.2 144.12 144.88 140.0 99032.89 141087 0.00% 1.12 0.78%
20211018 146.0 143.0 146.08 140.95 88754.28 126793 0.00% -3.62 -2.47%
20211015 146.0 146.62 148.88 144.14 88301.87 129485 0.00% 0.15 0.10%
20211014 142.5 146.47 147.22 140.34 117901.52 170704 0.00% 5.61 3.98%
20211013 139.21 140.86 141.63 136.31 129987.59 180842 0.00% 0.86 0.61%
20211012 141.09 140.0 143.42 137.0 125496.95 175705 0.00% -2.60 -1.82%
20211011 145.66 142.6 148.25 141.83 137507.56 198707 0.00% -3.54 -2.42%
20211008 148.0 146.14 151.58 144.46 200726.59 295047 0.00% -12.85 -8.08%
20210930 157.96 158.99 160.23 156.86 59240.35 94131 0.00% 2.99 1.92%
20210929 158.0 156.0 159.99 156.0 59113.12 93177 0.00% -2.92 -1.84%
20210928 160.86 158.92 164.5 157.0 86871.71 139172 0.00% -3.85 -2.37%
20210927 159.9 162.77 164.69 158.21 113302.10 184498 0.00% 3.06 1.92%
20210924 160.12 159.71 162.49 157.9 81403.74 130247 0.00% -0.39 -0.24%
20210923 159.51 160.1 164.3 158.66 74552.53 120395 0.00% -0.40 -0.25%
20210922 155.66 160.5 163.28 155.66 97397.58 156750 0.00% 1.57 0.99%
20210917 150.0 158.93 161.0 148.01 160986.93 251749 0.00% 9.71 6.51%
20210916 153.0 149.22 153.43 148.65 102249.94 153379 0.00% -2.98 -1.96%
20210915 156.11 152.2 157.49 150.5 123114.09 187469 0.00% -5.60 -3.55%
20210914 158.61 157.8 162.33 155.51 101136.30 160006 0.00% 0.51 0.32%
20210913 159.5 157.29 161.0 156.2 75392.90 119183 0.00% -1.50 -0.94%
20210910 160.0 158.79 160.0 155.06 89533.56 141274 0.00% -0.76 -0.48%
20210909 160.34 159.55 160.83 157.68 64407.66 102359 0.00% -0.35 -0.22%
20210908 165.99 159.9 165.99 159.5 97306.40 156734 0.00% -4.97 -3.01%
20210907 165.0 164.87 167.0 162.71 84538.03 138848 0.00% -1.29 -0.78%
20210906 159.36 166.16 167.29 157.13 125134.75 205764 0.00% 5.96 3.72%
20210903 165.1 160.2 165.66 159.6 150806.82 244375 0.00% -8.99 -5.31%
20210902 181.27 169.19 181.39 168.56 160806.47 276777 0.00% -10.01 -5.59%
20210901 180.15 179.2 182.0 172.57 154823.60 276116 0.00% 2.20 1.24%
20210831 180.95 177.0 183.7 175.1 160824.67 288401 0.00% -0.08 -0.05%
20210830 188.58 177.08 188.58 175.25 329103.86 599177 0.00% 12.92 7.87%
20210827 158.0 164.16 167.58 156.92 109406.73 178754 0.00% 6.37 4.04%
20210826 169.5 157.79 170.0 155.1 173501.31 277231 0.00% -11.39 -6.73%
20210825 168.08 169.18 174.37 168.0 105634.45 180606 0.00% -0.82 -0.48%
20210824 165.96 170.0 170.95 163.66 161994.36 272947 0.00% 3.58 2.15%
20210823 148.0 166.42 170.5 147.96 274454.62 440406 0.00% 21.37 14.73%
20210820 149.0 145.05 149.98 143.88 126886.80 185847 0.00% -6.05 -4.00%
20210819 151.13 151.1 154.25 150.2 72242.72 109614 0.00% -0.03 -0.02%
20210818 151.38 151.13 153.8 149.32 68133.67 103327 0.00% 0.63 0.42%
20210817 157.0 150.5 159.79 150.02 124020.80 190117 0.00% -6.95 -4.41%
20210816 156.12 157.45 161.58 155.72 75471.19 119451 0.00% -0.25 -0.16%
20210813 162.83 157.7 164.65 155.2 113169.29 179651 0.00% -4.80 -2.95%
20210812 161.5 162.5 165.48 159.0 71855.69 116537 0.00% -0.98 -0.60%
20210811 166.49 163.48 166.52 162.03 94036.43 153991 0.00% -3.00 -1.80%
20210810 167.82 166.48 169.98 165.41 86695.23 144897 0.00% 0.32 0.19%
20210809 170.0 166.16 171.86 165.4 95817.99 160475 0.00% -3.84 -2.26%
20210806 177.6 170.0 177.87 167.0 153433.20 263098 0.00% -7.23 -4.08%
20210805 175.4 177.23 182.96 172.2 179102.78 317236 0.00% 1.83 1.04%
20210804 178.0 175.4 178.55 169.5 210229.54 366920 0.00% 0.49 0.28%
20210803 152.8 174.91 175.0 151.6 295251.02 499139 0.00% 20.38 13.19%
20210802 157.89 154.53 159.49 147.0 172580.00 264319 0.00% -3.36 -2.13%
20210730 153.0 157.89 159.6 148.0 171234.40 262988 0.00% 2.34 1.50%
20210729 156.0 155.55 157.88 152.11 142102.43 220894 0.00% 3.55 2.34%
20210728 147.54 152.0 152.51 144.66 163042.92 243078 0.00% 3.76 2.54%
20210727 156.2 148.24 159.0 148.0 206099.40 313134 0.00% -7.96 -5.10%
20210726 170.0 156.2 170.1 151.72 265678.20 425276 0.00% -14.90 -8.71%
20210723 180.0 171.1 180.0 170.09 224690.15 388376 0.00% -10.79 -5.93%
20210722 193.11 181.89 194.27 178.5 260136.22 480550 0.00% -14.46 -7.36%
20210721 194.08 196.35 197.42 190.6 132597.55 258571 0.00% 2.22 1.14%
20210720 196.0 194.13 200.8 191.32 156849.06 308348 0.00% 0.94 0.49%
20210719 191.0 193.19 195.0 188.7 155959.73 300123 0.00% 6.69 3.59%
20210716 186.01 186.5 191.27 184.48 97388.78 182540 0.00% -1.50 -0.80%
20210715 187.48 188.0 188.84 183.85 102021.40 190164 0.00% 0.19 0.10%
20210714 181.0 187.81 193.58 180.0 225235.66 427284 0.00% 6.03 3.32%
20210713 177.98 181.78 183.46 174.0 140560.80 250865 0.00% 3.80 2.14%
20210712 176.8 177.98 179.6 170.08 135132.93 237747 0.00% 2.95 1.69%
20210709 178.6 175.03 181.3 173.69 108610.84 190958 0.00% -7.02 -3.86%
20210708 179.0 182.05 184.13 175.01 129869.96 234560 0.00% 3.98 2.24%
20210707 172.2 178.07 178.5 171.08 124097.98 217820 0.00% 6.06 3.52%
20210706 178.3 172.01 178.3 169.02 154415.08 265634 0.00% -6.39 -3.58%
20210705 180.41 178.4 180.8 173.76 133156.79 235890 0.00% -3.00 -1.65%
20210702 187.6 181.4 187.67 179.5 133612.73 243882 0.00% -8.33 -4.39%
20210701 188.0 189.73 190.55 185.0 140627.59 265077 0.00% 3.00 1.61%
20210630 185.81 186.73 187.0 182.52 79858.85 147925 0.00% 1.58 0.85%
20210629 188.95 185.15 188.95 184.6 108687.34 201875 0.00% -2.70 -1.44%
20210628 181.0 187.85 190.1 178.78 172456.48 322421 0.00% 8.10 4.51%
20210625 177.95 179.75 182.4 176.6 123245.15 221542 0.00% 1.63 0.92%
20210624 177.89 178.12 179.89 172.97 113902.24 201449 0.00% 0.63 0.35%
20210623 171.88 177.49 181.35 171.58 205391.26 364621 0.00% 6.20 3.62%
20210622 181.86 171.29 182.97 165.5 327909.58 561322 0.00% -10.16 -5.60%
20210621 178.01 181.45 183.55 176.0 100156.72 181233 0.00% 1.75 0.97%
20210618 180.0 179.7 183.6 178.37 121296.25 218666 0.00% 0.80 0.45%
20210617 182.1 178.9 183.87 177.49 110576.04 199032 0.00% -1.10 -0.61%
20210616 184.38 180.0 184.49 178.33 130722.04 235813 0.00% -4.70 -2.54%
20210615 193.56 184.7 193.56 183.1 187431.77 350975 0.00% -8.60 -4.45%
20210611 186.01 193.3 194.6 183.4 237570.43 451044 0.00% 10.30 5.63%
20210610 183.94 183.0 187.88 181.5 115413.56 212784 0.00% 1.00 0.55%
20210609 186.97 182.0 186.97 179.98 139030.19 253281 0.00% -4.98 -2.66%
20210608 188.0 186.98 192.33 185.2 129676.39 244027 0.00% -1.22 -0.65%
20210607 181.0 188.2 189.5 178.65 228306.66 425157 0.00% 10.61 5.97%
20210604 180.0 177.59 180.99 170.95 254082.16 446076 0.00% -2.41 -1.34%
20210603 184.01 180.0 184.98 178.81 223857.98 406426 0.00% -4.00 -2.17%
20210602 197.0 184.0 197.43 183.6 280059.47 528225 0.00% -12.37 -6.30%
20210601 195.3 196.37 197.68 190.0 169890.16 329292 0.00% 1.17 0.60%
20210531 192.01 195.2 199.22 190.99 203822.65 399094 0.00% 7.25 3.86%
20210528 195.44 187.95 196.0 186.11 210082.97 398917 0.00% -7.26 -3.72%
20210527 194.0 195.21 196.68 189.3 144569.83 279789 0.00% 0.02 0.01%
20210526 199.0 195.19 200.54 189.96 245457.83 476812 0.00% -8.00 -3.94%
20210525 209.0 203.19 211.11 200.0 196298.75 403778 0.00% 4.94 2.49%
20210524 201.01 198.25 202.07 188.5 173781.65 337832 0.00% 0.20 0.10%
20210521 211.9 198.05 213.95 197.6 218106.89 441477 0.00% -14.04 -6.62%
20210520 211.1 212.09 215.0 208.57 99255.69 209937 0.00% -2.61 -1.22%
20210519 215.0 214.7 217.54 206.8 119853.69 254626 0.00% 0.78 0.36%
20210518 227.0 213.92 227.51 209.5 155068.00 332213 0.00% -9.13 -4.09%
20210517 227.0 223.05 231.19 223.01 162648.00 368946 0.00% 7.05 3.26%
20210514 210.0 216.0 223.3 209.01 174059.05 378633 0.00% 7.20 3.45%
20210513 210.5 208.8 215.88 207.01 136288.44 288788 0.00% -1.21 -0.58%
20210512 208.0 210.01 211.5 201.68 125402.45 259399 0.00% 0.19 0.09%
20210511 212.5 209.82 213.23 203.97 113738.26 238067 0.00% -5.17 -2.40%
20210510 209.0 214.99 216.8 207.0 179750.44 382888 0.00% 14.14 7.04%
20210507 206.0 200.85 214.38 200.3 199212.27 414546 0.00% -4.92 -2.39%
20210506 205.0 205.77 209.5 193.93 339325.85 678736 0.00% -19.68 -8.73%
20210430 213.51 225.45 229.99 213.51 186803.80 418509 0.00% 9.95 4.62%
20210429 218.51 215.5 220.0 205.0 185931.21 396506 0.00% -2.52 -1.16%
20210428 209.01 218.02 222.22 207.0 209489.79 451365 0.00% 11.02 5.32%
20210427 198.5 207.0 208.31 196.32 167338.03 342895 0.00% 9.50 4.81%
20210426 199.0 197.5 209.8 197.5 203760.41 413635 0.00% 4.17 2.16%
20210423 197.32 193.33 199.0 192.5 134017.12 261024 0.00% -2.41 -1.23%
20210422 197.21 195.74 200.08 193.12 125052.26 246335 0.00% -0.71 -0.36%
20210421 189.71 196.45 196.99 188.0 148523.16 287126 0.00% 9.73 5.21%
20210420 190.15 186.72 191.63 180.5 132952.50 248245 0.00% -0.28 -0.15%
20210419 175.5 187.0 189.9 174.24 144383.26 266274 0.00% 11.51 6.56%
20210416 181.0 175.49 182.44 172.83 111090.39 195442 0.00% -5.31 -2.94%
20210415 179.11 180.8 181.98 177.11 52977.14 95038 0.00% 0.29 0.16%
20210414 180.07 180.51 183.9 177.3 93129.55 167908 0.00% -0.09 -0.05%
20210413 174.94 180.6 183.8 174.58 101031.54 182567 0.00% 4.40 2.50%
20210412 183.99 176.2 188.48 172.79 176221.24 314810 0.00% -9.55 -5.14%
20210409 188.66 185.75 189.88 183.51 82914.45 154641 0.00% -3.75 -1.98%
20210408 190.3 189.5 192.96 185.6 95445.02 181306 0.00% 0.38 0.20%
20210407 189.26 189.12 192.94 184.58 140358.05 265442 0.00% 5.37 2.92%
20210406 181.2 183.75 188.44 180.51 87059.72 160880 0.00% 1.76 0.97%
20210402 178.0 181.99 185.02 175.0 129703.49 236328 0.00% 6.20 3.53%
20210401 172.49 175.79 176.58 169.01 77959.92 135612 0.00% 3.30 1.91%
20210331 176.14 172.49 176.97 167.2 91253.96 155774 0.00% -2.62 -1.50%
20210330 175.02 175.11 177.95 171.88 86558.62 151846 0.00% -1.05 -0.60%
20210329 179.9 176.16 182.0 174.8 89214.62 158424 0.00% -2.02 -1.13%
20210326 170.5 178.18 179.55 170.33 137345.05 241808 0.00% 9.72 5.77%
20210325 176.0 168.46 176.8 165.57 138184.17 236366 0.00% -8.39 -4.74%
20210324 177.0 176.85 183.77 175.15 145754.46 262487 0.00% -2.97 -1.65%
20210323 180.17 179.82 184.21 174.0 122871.15 220173 0.00% 3.32 1.88%
20210322 170.71 176.5 180.58 169.68 122368.84 216020 0.00% 7.80 4.62%
20210319 169.9 168.7 177.8 168.01 106756.30 183240 0.00% -7.10 -4.04%
20210318 166.0 175.8 178.18 164.0 169828.99 293201 0.00% 13.30 8.18%
20210317 165.0 162.5 166.6 158.56 115356.72 186838 0.00% -3.45 -2.08%
20210316 168.0 165.95 170.38 149.86 190192.72 308708 0.00% 4.29 2.65%
20210315 167.8 161.66 169.0 155.1 150687.58 243350 0.00% -7.98 -4.70%
20210312 164.0 169.64 170.43 160.08 167414.54 277307 0.00% 10.64 6.69%
20210311 155.01 159.0 165.05 155.01 149506.51 240585 0.00% 4.12 2.66%
