日期 开盘价 收盘价 最高价 最低价 成交量（手） 成交额（万元） 换手率 涨跌额 涨跌幅（%）
20211108 56.54 56.01 56.9 55.55 278439.39 156066 0.00% -1.26 -2.20% 2.00 1
20211105 57.39 57.27 58.39 56.91 394945.69 227638 0.00% 0.44 0.77% 10.00 6
20211104 56.98 56.83 57.68 56.61 330819.12 188776 0.00% -0.16 -0.28% 12.19 7
20211103 55.99 56.99 57.17 55.48 404008.38 227721 0.00% 1.00 1.79% 57.61 33
20211102 55.65 55.99 57.07 55.6 568162.78 320891 0.00% 0.64 1.16% 16.00 9
20211101 54.8 55.35 55.48 54.6 191831.15 105768 0.00% 0.31 0.56% 5.00 3
20211029 54.4 55.04 55.38 54.1 209309.79 115050 0.00% 0.80 1.47% 11.76 6
20211028 54.11 54.24 55.0 54.01 154081.00 83767 0.00% 0.12 0.22% 18.03 10
20211027 54.95 54.12 54.95 54.02 173183.02 93997 0.00% -0.88 -1.60% 15.00 8
20211026 55.52 55.0 56.17 54.86 224404.74 124693 0.00% -0.49 -0.88% 19.00 10
20211025 55.2 55.49 55.53 54.79 228931.40 126223 0.00% -0.30 -0.54% 2.00 1
20211022 54.47 55.79 56.45 54.43 553157.78 307911 0.00% 2.07 3.85% 30.00 17
20211021 54.1 53.72 54.26 53.54 176173.45 94774 0.00% -0.51 -0.94% 32.00 17
20211020 54.66 54.23 54.86 54.18 134045.74 72919 0.00% -0.24 -0.44% 31.00 17
20211019 54.28 54.47 54.68 54.15 124875.13 67947 0.00% 0.32 0.59% 5.00 3
20211018 54.7 54.15 54.8 53.93 206871.33 112165 0.00% -0.83 -1.51% 0.00 0
20211015 54.27 54.98 55.43 54.22 222305.10 122224 0.00% 0.81 1.50% 5.00 3
20211014 54.45 54.17 54.48 53.95 145403.22 78810 0.00% -0.22 -0.40% 12.58 7
20211013 54.37 54.39 55.3 54.22 195598.72 106890 0.00% -0.09 -0.17% 9.10 5
20211012 55.05 54.48 55.38 54.06 178926.11 97590 0.00% -0.93 -1.68% 5.24 3
20211011 56.0 55.41 56.3 55.31 203860.40 113627 0.00% -0.36 -0.65% 5.00 3
20211008 55.79 55.77 56.2 55.21 174401.73 97107 0.00% 0.57 1.03% 0.00 0
20210930 55.45 55.2 55.98 54.92 172404.31 95362 0.00% -0.34 -0.61% 0.00 0
20210929 53.65 55.54 56.65 53.43 454322.81 250898 0.00% 1.51 2.79% 29.00 16
20210928 54.67 54.03 54.93 53.66 180619.46 97678 0.00% -0.63 -1.15% 36.18 20
20210927 54.61 54.66 55.58 54.34 257564.35 141581 0.00% 0.62 1.15% 12.00 7
20210924 55.39 54.04 55.54 54.0 312361.17 170906 0.00% -1.29 -2.33% 12.32 7
20210923 55.35 55.33 55.88 55.2 232030.82 128742 0.00% 0.08 0.14% 5.00 3
20210922 55.1 55.25 56.2 55.05 228734.27 126819 0.00% -0.40 -0.72% 5.00 3
20210917 55.01 55.65 55.88 55.01 174117.08 96669 0.00% 0.54 0.98% 22.00 12
20210916 56.08 55.11 56.66 55.1 243993.82 136118 0.00% -1.25 -2.22% 19.50 11
20210915 57.01 56.36 57.18 56.28 225308.21 127497 0.00% -0.86 -1.50% 35.00 20
20210914 57.53 57.22 58.56 57.08 298298.08 172649 0.00% -0.46 -0.80% 137.42 79
20210913 57.98 57.68 58.43 57.3 277104.18 159877 0.00% -0.59 -1.01% 7.62 4
20210910 56.21 58.27 58.78 56.2 551771.65 319678 0.00% 1.68 2.97% 9.51 6
20210909 56.97 56.59 57.24 56.0 279279.16 157769 0.00% -0.41 -0.72% 37.47 21
20210908 56.98 57.0 57.4 56.61 274249.67 156375 0.00% 0.06 0.11% 51.00 29
20210907 56.7 56.94 57.57 56.51 242619.95 138297 0.00% 0.12 0.21% 15.06 9
20210906 56.27 56.82 57.21 55.5 318115.79 179806 0.00% 0.05 0.09% 40.96 23
20210903 55.1 56.77 57.86 54.86 506097.95 285609 0.00% 1.58 2.86% 66.00 37
20210902 55.6 55.19 56.22 54.99 296790.83 164580 0.00% -0.78 -1.39% 71.54 39
20210901 55.72 55.97 56.52 54.62 390189.84 216397 0.00% 0.28 0.50% 4.00 2
20210831 58.0 55.69 58.0 54.91 575082.98 321651 0.00% -2.40 -4.13% 29.13 16
20210830 59.05 58.09 59.69 57.85 385960.24 226616 0.00% 0.17 0.29% 22.24 13
20210827 58.77 57.92 58.85 57.51 320514.02 185797 0.00% -0.99 -1.68% 93.46 54
20210826 59.5 58.91 60.66 58.87 395907.14 237026 0.00% -0.11 -0.19% 26.45 16
20210825 60.06 59.02 60.42 58.66 281574.01 166273 0.00% -0.77 -1.29% 44.28 26
20210824 59.53 59.79 60.88 59.29 422777.70 253966 0.00% 0.38 0.64% 47.73 29
20210823 59.28 59.41 59.8 58.43 332189.07 197035 0.00% 0.10 0.17% 44.68 27
20210820 58.74 59.31 60.09 58.28 377857.43 223990 0.00% 0.14 0.24% 43.00 26
20210819 57.9 59.17 59.68 57.45 445649.93 262252 0.00% 1.25 2.16% 31.83 19
20210818 57.09 57.92 57.97 56.97 266534.01 153158 0.00% 0.83 1.45% 47.92 28
20210817 58.76 57.09 59.3 57.04 440802.07 255271 0.00% -1.66 -2.83% 10.00 6
20210816 58.39 58.75 59.7 57.78 396435.04 233185 0.00% 0.37 0.63% 17.72 10
20210813 61.06 58.38 61.06 58.2 951215.59 562545 0.00% -3.71 -5.98% 56.72 33
20210812 61.88 62.09 63.27 61.73 492436.07 306999 0.00% 0.58 0.94% 64.21 40
20210811 61.88 61.51 62.55 61.21 486805.91 300520 0.00% -0.83 -1.33% 37.00 23
20210810 63.81 62.34 64.45 60.9 884383.20 552978 0.00% -1.69 -2.64% 41.44 26
20210809 65.79 64.03 66.16 63.5 942012.17 607302 0.00% -3.43 -5.08% 4.48 3
20210806 74.0 67.46 74.9 67.44 1501489.47 1049507 0.00% 0.26 0.39% 419.90 283
20210805 65.66 67.2 67.66 64.63 1072446.34 712975 0.00% 3.25 5.08% 60.14 40
20210804 62.8 63.95 65.18 62.8 743744.72 475725 0.00% 1.20 1.91% 39.41 25
20210803 66.66 62.75 67.16 62.21 1143228.75 734942 0.00% -4.61 -6.84% 36.30 23
20210802 65.53 67.36 70.7 65.0 1469002.87 996812 0.00% 2.67 4.13% 74.18 50
20210730 61.25 64.69 66.66 60.9 1270934.34 821957 0.00% 2.42 3.89% 124.68 81
20210729 60.4 62.27 64.58 59.37 1442744.03 893364 0.00% 3.01 5.08% 192.65 120
20210728 62.95 59.26 63.49 58.28 1728504.95 1044512 0.00% -5.14 -7.98% 104.94 62
20210727 57.4 64.4 68.64 57.4 3080128.89 1993186 0.00% 7.20 12.59% 170.61 110
20210726 51.85 57.2 57.32 51.12 976654.43 534622 0.00% 5.32 10.25% 481.38 275
20210723 53.0 51.88 53.05 51.76 289753.25 151317 0.00% -1.12 -2.11% 50.61 26
20210722 52.64 53.0 53.42 52.48 334855.45 177460 0.00% 0.40 0.76% 91.50 48
20210721 51.9 52.6 53.04 51.44 370915.28 194411 0.00% 0.72 1.39% 23.80 13
20210720 51.0 51.88 52.1 50.6 361238.26 186275 0.00% 0.08 0.15% 16.10 8
20210719 53.6 51.8 53.6 51.21 646303.46 336802 0.00% -2.23 -4.13% 5.00 3
20210716 55.78 54.03 56.19 54.0 590003.55 321334 0.00% -1.14 -2.07% 37.86 20
20210715 56.02 55.17 56.15 55.05 261146.56 144578 0.00% -0.83 -1.48% 90.49 50
20210714 57.05 56.0 57.25 55.95 241983.66 136995 0.00% -1.04 -1.82% 67.83 38
20210713 56.61 57.04 57.74 56.41 250584.08 143148 0.00% 0.43 0.76% 4.00 2
20210712 56.88 56.61 57.36 55.68 327690.81 185213 0.00% -0.30 -0.53% 57.04 32
20210709 57.75 56.91 58.0 56.69 301646.35 172071 0.00% -1.39 -2.38% 69.65 40
20210708 57.74 58.3 58.98 57.47 335923.74 196229 0.00% 0.79 1.37% 22.00 13
20210707 56.61 57.51 57.69 56.5 211204.29 120674 0.00% 0.37 0.65% 83.31 48
20210706 58.25 57.14 58.45 56.41 325270.66 186768 0.00% -1.23 -2.11% 2.00 1
20210705 57.51 58.37 58.65 57.22 317236.95 183894 0.00% 0.24 0.41% 8.00 5
20210702 60.13 58.13 60.15 58.05 382361.20 224910 0.00% -2.20 -3.65% 8.67 5
20210701 61.3 60.33 61.85 60.0 492827.19 299392 0.00% -1.49 -2.41% 62.44 38
20210630 59.69 61.82 62.5 59.4 777950.53 478767 0.00% 2.57 4.34% 20.11 12
20210629 59.1 59.25 60.08 58.7 291408.81 172964 0.00% 0.19 0.32% 6.00 4
20210628 59.85 59.06 60.19 58.86 341515.10 203120 0.00% -0.25 -0.42% 4.86 3
20210625 57.76 59.31 59.99 57.76 474988.89 281548 0.00% 1.61 2.79% 19.00 11
20210624 58.53 57.7 59.11 57.55 273520.23 159116 0.00% -0.84 -1.43% 8.10 5
20210623 57.3 58.54 59.47 57.11 511088.21 299823 0.00% 1.46 2.56% 82.42 48
20210622 57.91 57.08 58.15 56.87 294811.65 168883 0.00% -0.59 -1.02% 2.00 1
20210621 58.3 57.67 58.86 57.38 398069.58 230420 0.00% -0.90 -1.54% 27.00 16
20210618 59.34 58.57 59.78 58.01 545830.54 321111 0.00% -0.60 -1.01% 31.34 18
20210617 55.16 59.17 60.6 55.04 911283.50 529310 0.00% 4.12 7.48% 247.24 146
20210616 54.99 55.05 55.8 54.8 156520.03 86379 0.00% 0.05 0.09% 8.00 4
20210615 55.6 55.0 55.88 54.99 183179.11 101233 0.00% -0.62 -1.11% 10.00 6
20210611 56.78 55.62 56.83 55.46 227672.50 127666 0.00% -1.24 -2.18% 23.84 13
20210610 56.32 56.86 56.87 55.9 273542.33 154365 0.00% 0.62 1.10% 88.51 50
20210609 55.77 56.24 56.65 55.76 177010.28 99614 0.00% 0.51 0.92% 19.00 11
20210608 56.2 55.73 56.65 55.62 173104.09 96960 0.00% -0.45 -0.80% 4.00 2
20210607 56.0 56.18 56.88 56.0 227528.47 128225 0.00% 1.04 1.89% 17.92 10
20210604 54.99 55.14 55.96 54.54 181822.24 100392 0.00% -0.22 -0.40% 0.00 0
20210603 55.89 55.36 56.24 55.33 142152.46 79334 0.00% -0.44 -0.79% 53.09 29
20210602 56.91 55.8 56.98 55.79 223123.61 125288 0.00% -1.22 -2.14% 20.00 11
20210601 56.37 57.02 57.75 55.98 320394.26 183232 0.00% 0.75 1.33% 35.00 20
20210531 56.32 56.27 56.67 56.01 186239.46 104890 0.00% 0.49 0.88% 3.00 2
20210528 56.3 55.78 56.56 55.61 247719.73 138938 0.00% -1.09 -1.92% 6.00 3
20210527 55.01 56.87 57.86 54.91 481409.69 273305 0.00% 1.74 3.16% 93.05 53
20210526 55.58 55.13 55.99 55.12 180366.12 100139 0.00% -0.43 -0.77% 0.00 0
20210525 55.29 55.56 55.66 54.94 208733.84 115604 0.00% 0.43 0.78% 17.61 10
20210524 54.0 55.13 55.18 53.83 162730.82 88762 0.00% 1.06 1.96% 58.00 32
20210521 54.55 54.07 54.78 54.0 109136.65 59254 0.00% -0.26 -0.48% 5.00 3
20210520 54.64 54.33 55.0 54.15 144057.84 78597 0.00% -0.46 -0.84% 3.00 2
20210519 54.8 54.79 55.2 54.58 102910.28 56454 0.00% -0.20 -0.36% 0.00 0
20210518 55.19 54.99 55.19 54.49 121147.00 66383 0.00% -0.09 -0.16% 4.00 2
20210517 55.62 55.08 56.4 55.05 203770.43 113473 0.00% -0.78 -1.40% 0.00 0
20210514 56.7 55.86 56.98 55.6 260448.82 146146 0.00% 0.04 0.07% 52.63 29
20210513 54.5 55.82 55.95 54.5 209785.85 116125 0.00% 0.35 0.63% 71.16 40
20210512 53.73 55.47 55.5 53.6 248549.23 136356 0.00% 1.64 3.05% 39.41 22
20210511 53.8 53.83 53.89 53.18 106920.83 57289 0.00% -0.21 -0.39% 3.10 2
20210510 53.77 54.04 54.07 53.0 125712.23 67390 0.00% 0.27 0.50% 5.00 3
20210507 54.75 53.77 54.98 53.69 169292.32 91576 0.00% -0.97 -1.77% 24.60 13
20210506 54.66 54.74 55.09 54.51 114968.89 62988 0.00% 0.06 0.11% 0.00 0
20210430 55.56 54.68 55.77 54.57 159154.03 87572 0.00% -0.81 -1.46% 64.05 35
20210429 55.55 55.49 56.25 55.2 160579.21 89506 0.00% 0.13 0.23% 78.89 44
20210428 54.88 55.36 55.55 54.62 152546.04 84102 0.00% 0.36 0.65% 29.32 16
20210427 54.4 55.0 55.24 53.93 147597.20 80705 0.00% 0.49 0.90% 5.00 3
20210426 55.31 54.51 56.28 54.51 229328.76 126989 0.00% -0.66 -1.20% 10.00 5
20210423 55.55 55.17 55.55 55.0 129121.63 71357 0.00% -0.13 -0.24% 11.90 7
20210422 54.99 55.3 55.58 54.8 163364.42 90169 0.00% 0.57 1.04% 52.00 29
20210421 55.61 54.73 55.61 54.5 231156.56 126863 0.00% -1.16 -2.08% 9.00 5
20210420 56.71 55.89 57.2 55.88 211701.06 119576 0.00% -1.16 -2.03% 5.00 3
20210419 56.24 57.05 57.08 55.8 217924.35 123396 0.00% 0.74 1.31% 17.00 10
20210416 56.55 56.31 56.8 55.83 178983.04 100789 0.00% -0.75 -1.31% 12.00 7
20210415 56.11 57.06 57.36 55.76 187247.10 105809 0.00% 0.59 1.04% 100.36 57
20210414 56.0 56.47 56.68 55.41 188559.07 105766 0.00% 0.61 1.09% 35.00 20
20210413 56.06 55.86 56.84 55.55 157406.99 88439 0.00% -0.19 -0.34% 32.00 18
20210412 56.92 56.05 57.62 56.04 176585.30 100258 0.00% -0.97 -1.70% 16.55 9
20210409 56.9 57.02 57.3 56.55 176418.47 100452 0.00% 0.22 0.39% 0.00 0
20210408 58.01 56.8 58.8 56.8 247282.03 142897 0.00% -1.55 -2.66% 75.61 43
20210407 58.31 58.35 58.62 57.52 220492.71 127887 0.00% 0.04 0.07% 27.00 16
20210406 59.2 58.31 59.2 58.01 252376.28 147463 0.00% -0.46 -0.78% 23.62 14
20210402 57.21 58.77 59.48 57.21 549134.63 322156 0.00% 2.88 5.15% 61.55 36
20210401 54.95 55.89 56.29 54.61 286941.39 159827 0.00% 1.57 2.89% 25.00 14
20210331 54.37 54.32 54.37 53.6 105788.50 57087 0.00% -0.04 -0.07% 2.00 1
20210330 54.69 54.36 54.69 54.01 120009.41 65218 0.00% 0.01 0.02% 25.24 14
20210329 53.88 54.35 55.23 53.88 176647.52 96307 0.00% 0.56 1.04% 2.00 1
20210326 53.25 53.79 53.96 53.01 158696.25 85028 0.00% 0.81 1.53% 6.37 3
20210325 54.11 52.98 54.66 52.89 217797.70 116966 0.00% -1.25 -2.30% 6.00 3
20210324 54.88 54.23 55.05 53.98 163854.75 89102 0.00% -1.05 -1.90% 5.00 3
20210323 55.63 55.28 56.46 54.9 174532.69 97328 0.00% -0.13 -0.23% 13.24 7
20210322 55.0 55.41 55.68 54.89 140306.53 77634 0.00% 0.44 0.80% 64.04 35
20210319 54.88 54.97 55.8 54.6 177402.28 97685 0.00% -0.51 -0.92% 5.00 3
20210318 56.3 55.48 56.75 55.48 168704.52 94464 0.00% -0.25 -0.45% 55.68 31
20210317 54.64 55.73 56.05 54.44 175465.51 97513 0.00% 0.85 1.55% 8.00 4
20210316 55.81 54.88 56.15 54.5 228641.64 125807 0.00% -0.86 -1.54% 6.80 4
20210315 57.2 55.74 57.2 55.4 226351.38 127287 0.00% -1.98 -3.43% 21.78 12
20210312 57.0 57.72 58.25 56.76 208071.11 119719 0.00% -0.07 -0.12% 32.15 19
20210311 55.06 57.79 58.85 54.7 374535.11 214193 0.00% 3.02 5.51% 113.13 65
