日期 开盘价 收盘价 最高价 最低价 成交量（手） 成交额（万元） 换手率 涨跌额 涨跌幅（%）
20211108 36.89 36.0 37.19 35.9 7806.89 2831 0.00% -0.89 -2.41% 0.00 0
20211105 36.82 36.89 37.44 36.53 7479.90 2762 0.00% -0.04 -0.11% 0.00 0
20211104 35.72 36.93 36.97 35.72 9106.33 3334 0.00% 1.21 3.39% 0.00 0
20211103 37.0 35.72 37.0 35.5 6661.34 2396 0.00% -0.80 -2.19% 0.00 0
20211102 36.15 36.52 37.4 35.88 7951.87 2905 0.00% 0.09 0.25% 0.00 0
20211101 34.98 36.43 36.6 34.71 9475.40 3408 0.00% 1.32 3.76% 0.00 0
20211029 34.88 35.11 35.88 34.81 16457.03 5794 0.00% -0.13 -0.37% 0.00 0
20211028 35.52 35.24 36.48 34.95 7744.41 2755 0.00% -0.52 -1.45% 0.00 0
20211027 37.69 35.76 37.88 35.38 13636.12 4929 0.00% -2.24 -5.89% 0.00 0
20211026 37.73 38.0 38.36 37.68 5188.59 1969 0.00% 0.42 1.12% 0.00 0
20211025 37.5 37.58 37.64 36.8 4836.37 1803 0.00% 0.28 0.75% 0.00 0
20211022 36.75 37.3 37.73 36.75 4837.22 1808 0.00% 0.67 1.83% 0.00 0
20211021 37.88 36.63 38.0 36.5 7791.84 2886 0.00% -1.22 -3.22% 0.00 0
20211020 37.69 37.85 38.23 37.5 4538.77 1719 0.00% 0.15 0.40% 0.00 0
20211019 37.39 37.7 37.9 37.02 4586.01 1724 0.00% 0.30 0.80% 0.00 0
20211018 37.93 37.4 38.57 36.9 8935.42 3347 0.00% -0.56 -1.48% 0.00 0
20211015 37.57 37.96 38.85 37.03 11447.31 4382 0.00% 0.38 1.01% 0.00 0
20211014 36.68 37.58 37.7 36.04 7046.46 2614 0.00% 1.15 3.16% 0.00 0
20211013 35.76 36.43 36.57 35.56 5668.51 2049 0.00% 0.71 1.99% 0.00 0
20211012 37.01 35.72 37.18 35.32 9406.19 3389 0.00% -1.45 -3.90% 0.00 0
20211011 36.85 37.17 37.79 36.18 8547.57 3170 0.00% 0.43 1.17% 0.00 0
20211008 37.49 36.74 38.19 36.6 7908.23 2942 0.00% -0.56 -1.50% 0.00 0
20210930 36.82 37.3 37.48 36.3 10162.05 3756 0.00% 0.99 2.73% 0.00 0
20210929 37.5 36.31 37.95 36.19 10596.59 3906 0.00% -1.05 -2.81% 0.00 0
20210928 38.09 37.36 38.41 37.21 10919.13 4120 0.00% -0.64 -1.68% 0.00 0
20210927 38.7 38.0 39.35 37.17 15996.34 6070 0.00% -0.74 -1.91% 0.00 0
20210924 39.2 38.74 39.45 38.42 8776.58 3412 0.00% -0.46 -1.17% 0.00 0
20210923 39.51 39.2 39.88 39.08 8755.02 3445 0.00% 0.11 0.28% 0.00 0
20210922 39.89 39.09 40.69 38.83 14687.82 5804 0.00% -0.73 -1.83% 0.00 0
20210917 41.23 39.82 41.55 39.51 26011.88 10442 0.00% -1.30 -3.16% 0.00 0
20210916 43.6 41.12 43.6 41.1 15758.36 6608 0.00% -2.12 -4.90% 0.00 0
20210915 43.09 43.24 43.6 42.28 13054.16 5609 0.00% 0.24 0.56% 0.00 0
20210914 44.54 43.0 44.78 42.47 18368.67 7977 0.00% -1.00 -2.27% 0.00 0
20210913 45.01 44.0 45.41 43.73 22093.03 9784 0.00% -1.08 -2.40% 0.00 0
20210910 45.0 45.08 46.17 44.9 17410.09 7912 0.00% 0.04 0.09% 0.00 0
20210909 46.0 45.04 46.55 44.07 24858.71 11222 0.00% -1.34 -2.89% 0.00 0
20210908 47.02 46.38 49.2 46.1 24923.95 11777 0.00% -0.22 -0.47% 0.00 0
20210907 46.75 46.6 47.77 45.8 22418.89 10487 0.00% 0.10 0.22% 0.00 0
20210906 47.24 46.5 47.8 45.7 14453.67 6733 0.00% -0.50 -1.06% 0.00 0
20210903 45.8 47.0 49.6 45.8 29719.70 14261 0.00% 0.23 0.49% 0.00 0
20210902 46.01 46.77 48.03 45.61 30190.32 14091 0.00% 0.48 1.04% 0.00 0
20210901 44.12 46.29 48.96 44.02 43227.74 20298 0.00% 2.60 5.95% 0.00 0
20210831 44.7 43.69 44.74 43.16 21844.71 9627 0.00% -0.41 -0.93% 0.00 0
20210830 40.51 44.1 45.55 40.51 30356.19 13372 0.00% 3.37 8.27% 0.00 0
20210827 42.98 40.73 43.28 40.45 18573.53 7674 0.00% -2.32 -5.39% 0.00 0
20210826 43.98 43.05 44.2 43.01 9263.42 4035 0.00% -0.85 -1.94% 0.00 0
20210825 44.82 43.9 44.98 43.27 13454.77 5900 0.00% 0.22 0.50% 3.00 1
20210824 42.76 43.68 44.37 42.5 21177.02 9249 0.00% 0.90 2.10% 0.00 0
20210823 39.83 42.78 42.84 39.83 23808.37 9999 0.00% 3.03 7.62% 0.00 0
20210820 39.5 39.75 40.78 39.23 10043.01 4002 0.00% -0.42 -1.05% 0.00 0
20210819 39.1 40.17 40.44 38.8 13483.03 5383 0.00% 1.06 2.71% 0.00 0
20210818 39.8 39.11 40.39 38.6 14818.09 5809 0.00% -0.77 -1.93% 0.00 0
20210817 41.19 39.88 41.3 39.78 18732.90 7632 0.00% -1.14 -2.78% 0.00 0
20210816 41.45 41.02 41.5 40.72 12554.86 5157 0.00% -0.21 -0.51% 0.00 0
20210813 39.98 41.23 41.76 38.99 31127.74 12504 0.00% 1.31 3.28% 3.00 1
20210812 40.28 39.92 42.01 39.74 15704.68 6380 0.00% -0.42 -1.04% 0.00 0
20210811 40.4 40.34 40.6 39.7 10671.38 4287 0.00% 0.07 0.17% 0.00 0
20210810 40.94 40.27 41.74 39.59 17283.50 6996 0.00% -0.67 -1.64% 0.00 0
20210809 41.5 40.94 42.3 40.06 15177.17 6217 0.00% -1.08 -2.57% 0.00 0
20210806 42.93 42.02 43.33 40.98 22574.53 9402 0.00% -0.97 -2.26% 0.00 0
20210805 43.8 42.99 43.85 42.71 16173.05 6972 0.00% -1.01 -2.30% 0.00 0
20210804 42.6 44.0 44.4 42.0 22712.71 9856 0.00% 1.15 2.68% 0.00 0
20210803 43.0 42.85 45.46 42.1 24578.81 10729 0.00% -0.33 -0.76% 45.00 19
20210802 43.49 43.18 44.44 41.68 22326.36 9567 0.00% 0.36 0.84% 0.00 0
20210730 43.68 42.82 45.5 42.56 26363.21 11536 0.00% -0.57 -1.31% 0.00 0
20210729 41.6 43.39 44.16 41.13 34431.82 14867 0.00% 2.91 7.19% 4.00 2
20210728 41.23 40.48 41.54 38.79 32866.78 13185 0.00% -1.08 -2.60% 0.00 0
20210727 42.6 41.56 44.69 41.01 40983.65 17707 0.00% -0.34 -0.81% 0.00 0
20210726 42.4 41.9 43.4 40.66 24553.11 10272 0.00% -0.05 -0.12% 0.00 0
20210723 40.15 41.95 43.86 40.11 29475.60 12469 0.00% 1.53 3.79% 5.00 2
20210722 40.0 40.42 41.44 39.5 22393.69 9068 0.00% 0.62 1.56% 0.00 0
20210721 39.3 39.8 40.44 39.23 20918.21 8349 0.00% 0.41 1.04% 0.00 0
20210720 39.33 39.39 39.87 38.0 19625.38 7667 0.00% -0.15 -0.38% 0.00 0
20210719 36.98 39.54 40.33 36.52 38755.07 15219 0.00% 2.56 6.92% 0.00 0
20210716 37.34 36.98 38.28 36.9 20683.40 7752 0.00% -0.36 -0.96% 0.00 0
20210715 38.9 37.34 39.09 36.05 49045.04 18151 0.00% -1.66 -4.26% 0.00 0
20210714 38.58 39.0 39.19 37.8 26840.76 10324 0.00% 0.42 1.09% 0.00 0
20210713 39.81 38.58 40.5 38.12 24326.48 9500 0.00% -1.29 -3.24% 0.00 0
20210712 40.04 39.87 41.26 39.61 24710.61 9925 0.00% -0.68 -1.68% 0.00 0
20210709 40.0 40.55 40.9 38.75 34959.31 13950 0.00% 0.07 0.17% 10.00 4
20210708 37.55 40.48 40.48 37.45 63960.63 25379 0.00% 3.50 9.46% 0.00 0
20210707 37.29 36.98 37.31 36.18 22306.29 8210 0.00% -0.50 -1.33% 0.00 0
20210706 37.0 37.48 38.5 36.36 48834.05 18142 0.00% 0.23 0.62% 2.00 1
20210705 34.1 37.25 37.3 34.08 48437.29 17582 0.00% 2.94 8.57% 5.00 2
20210702 33.65 34.31 34.47 33.25 26195.09 8869 0.00% 0.58 1.72% 0.00 0
20210701 35.19 33.73 36.0 33.7 25907.28 9011 0.00% -1.42 -4.04% 0.00 0
20210630 34.97 35.15 35.65 34.75 22507.68 7913 0.00% 0.20 0.57% 0.00 0
20210629 35.32 34.95 35.67 34.83 19098.67 6703 0.00% -0.53 -1.49% 0.00 0
20210628 34.55 35.48 36.33 34.55 40212.52 14365 0.00% 0.97 2.81% 0.00 0
20210625 33.35 34.51 34.84 33.35 28789.62 9842 0.00% 0.62 1.83% 0.00 0
20210624 34.7 33.89 35.78 33.4 28096.11 9685 0.00% -0.42 -1.22% 0.00 0
20210623 33.65 34.31 35.28 32.92 40008.69 13645 0.00% 1.06 3.19% 5.00 2
20210622 33.88 33.25 34.1 33.12 21890.54 7330 0.00% -0.47 -1.39% 0.00 0
20210621 30.91 33.72 34.17 30.81 44819.26 14760 0.00% 2.64 8.49% 0.00 0
20210618 31.22 31.08 31.5 30.75 13699.19 4251 0.00% -0.19 -0.61% 0.00 0
20210617 29.86 31.27 31.28 29.7 24284.95 7478 0.00% 1.47 4.93% 15.00 5
20210616 29.85 29.8 30.65 29.63 14112.21 4251 0.00% -0.05 -0.17% 0.00 0
20210615 29.44 29.85 30.25 29.11 10795.02 3215 0.00% 0.41 1.39% 0.00 0
20210611 29.5 29.44 30.5 29.43 16040.62 4819 0.00% 0.02 0.07% 0.00 0
20210610 29.25 29.42 29.64 28.91 11194.71 3274 0.00% 0.42 1.45% 0.00 0
20210609 29.6 29.0 29.6 28.9 7993.01 2335 0.00% -0.47 -1.59% 0.00 0
20210608 29.92 29.47 30.09 29.12 12030.57 3559 0.00% -0.46 -1.54% 0.00 0
20210607 29.72 29.93 30.55 29.72 11260.65 3387 0.00% 0.35 1.18% 0.00 0
20210604 29.65 29.58 30.36 29.5 12010.43 3597 0.00% -0.31 -1.04% 0.00 0
20210603 29.78 29.89 30.4 29.33 12340.69 3709 0.00% -0.01 -0.03% 0.00 0
20210602 30.47 29.9 30.87 29.7 20608.79 6240 0.00% -0.52 -1.71% 0.00 0
20210601 30.18 30.42 30.65 29.87 11513.18 3488 0.00% 0.23 0.76% 10.00 3
20210531 28.7 30.19 30.31 28.62 18341.48 5445 0.00% 1.48 5.15% 0.00 0
20210528 29.66 28.71 29.66 28.68 12885.29 3735 0.00% -0.95 -3.20% 0.00 0
20210527 28.59 29.66 29.79 28.45 18114.50 5325 0.00% 1.21 4.25% 0.00 0
20210526 28.05 28.45 28.54 28.05 8691.80 2468 0.00% 0.48 1.72% 0.00 0
20210525 27.8 27.97 28.2 27.59 11478.49 3212 0.00% 0.11 0.39% 0.00 0
20210524 27.99 27.86 28.45 27.51 8530.10 2375 0.00% 0.09 0.32% 0.00 0
20210521 27.7 27.77 28.15 27.55 10808.32 3015 0.00% 0.13 0.47% 0.00 0
20210520 27.62 27.64 27.68 27.26 8084.95 2220 0.00% 0.14 0.51% 0.00 0
20210519 27.03 27.5 27.78 26.88 10172.30 2786 0.00% 0.40 1.48% 0.00 0
20210518 27.38 27.1 27.38 26.85 12065.51 3262 0.00% -0.27 -0.99% 0.00 0
20210517 27.27 27.37 27.86 27.27 11160.44 3070 0.00% 0.04 0.15% 0.00 0
20210514 27.0 27.33 27.45 27.0 11819.91 3214 0.00% 0.18 0.66% 0.00 0
20210513 27.27 27.15 27.52 27.09 8666.01 2364 0.00% -0.21 -0.77% 0.00 0
20210512 27.96 27.36 27.96 26.96 17247.02 4703 0.00% -0.71 -2.53% 0.00 0
20210511 28.03 28.07 28.51 27.73 7437.40 2082 0.00% -0.05 -0.18% 0.00 0
20210510 28.7 28.12 28.85 27.68 16074.73 4504 0.00% -0.40 -1.40% 0.00 0
20210507 28.97 28.52 29.34 28.36 16684.35 4804 0.00% -0.45 -1.55% 0.00 0
20210506 28.08 28.97 29.65 28.01 28468.33 8249 0.00% 0.79 2.80% 0.00 0
20210430 30.11 28.18 30.5 27.52 76368.95 21764 0.00% -4.00 -12.43% 0.00 0
20210429 32.9 32.18 33.06 32.15 11858.80 3859 0.00% -0.72 -2.19% 0.00 0
20210428 31.7 32.9 33.13 31.63 15293.66 5000 0.00% 0.93 2.91% 6.00 2
20210427 32.3 31.97 32.38 31.61 13596.47 4347 0.00% -0.59 -1.81% 0.00 0
20210426 33.01 32.56 33.3 32.49 16271.14 5347 0.00% -0.21 -0.64% 0.00 0
20210423 32.56 32.77 33.19 32.09 19505.57 6368 0.00% 0.31 0.96% 0.00 0
20210422 32.7 32.46 32.7 32.13 13210.78 4280 0.00% 0.07 0.22% 0.00 0
20210421 32.35 32.39 32.95 32.11 14309.48 4666 0.00% -0.39 -1.19% 0.00 0
20210420 32.6 32.78 33.3 32.48 18145.84 5973 0.00% 0.04 0.12% 0.00 0
20210419 32.34 32.74 33.08 32.22 24922.19 8143 0.00% 0.75 2.34% 0.00 0
20210416 30.54 31.99 32.21 30.27 25091.37 7893 0.00% 1.72 5.68% 0.00 0
20210415 30.02 30.27 30.82 30.02 9800.21 2974 0.00% -0.10 -0.33% 0.00 0
20210414 30.08 30.37 30.64 29.93 9350.74 2836 0.00% 0.11 0.36% 0.00 0
20210413 31.13 30.26 31.13 30.11 13471.03 4103 0.00% -0.39 -1.27% 0.00 0
20210412 31.6 30.65 31.67 30.31 18963.24 5858 0.00% -0.96 -3.04% 0.00 0
20210409 31.77 31.61 32.05 31.38 13758.83 4351 0.00% -0.30 -0.94% 0.00 0
20210408 31.61 31.91 32.15 31.35 19502.83 6207 0.00% 0.13 0.41% 0.00 0
20210407 31.05 31.78 31.91 31.05 18148.74 5725 0.00% 0.45 1.44% 2.00 1
20210406 30.39 31.33 31.42 30.39 19767.11 6136 0.00% 0.99 3.26% 0.00 0
20210402 29.88 30.34 30.8 29.47 20045.32 6085 0.00% 0.74 2.50% 0.00 0
20210401 29.14 29.6 30.2 28.9 16193.40 4810 0.00% 0.51 1.75% 0.00 0
20210331 29.52 29.09 29.52 28.72 11484.12 3325 0.00% -0.12 -0.41% 0.00 0
20210330 29.69 29.21 29.85 29.16 11205.76 3295 0.00% -0.47 -1.58% 0.00 0
20210329 29.5 29.68 30.3 29.5 13642.88 4072 0.00% 0.00 0.00% 0.00 0
20210326 29.01 29.68 29.74 29.01 11382.93 3352 0.00% 0.48 1.64% 0.00 0
20210325 29.69 29.2 29.97 29.11 16652.72 4903 0.00% -0.55 -1.85% 0.00 0
20210324 31.45 29.75 31.45 29.7 26712.75 8105 0.00% -1.70 -5.41% 0.00 0
20210323 31.45 31.45 32.1 31.06 23126.77 7305 0.00% 0.45 1.45% 0.00 0
20210322 30.8 31.0 31.33 30.7 17207.20 5335 0.00% 0.21 0.68% 0.00 0
20210319 30.99 30.79 31.24 30.5 18413.16 5682 0.00% 0.14 0.46% 0.00 0
20210318 31.01 30.65 31.39 30.4 20644.19 6352 0.00% -0.40 -1.29% 0.00 0
20210317 31.02 31.05 31.32 30.65 18076.23 5606 0.00% -0.43 -1.37% 0.00 0
20210316 31.54 31.48 32.05 31.2 16188.75 5112 0.00% 0.00 0.00% 0.00 0
20210315 32.1 31.48 32.46 31.0 27557.97 8711 0.00% -0.59 -1.84% 0.00 0
20210312 32.3 32.07 32.65 31.5 29189.78 9352 0.00% -0.34 -1.05% 9.00 3
20210311 32.09 32.41 33.19 31.95 36241.14 11795 0.00% 0.87 2.76% 0.00 0
