日期 开盘价 收盘价 最高价 最低价 成交量（手） 成交额（万元） 换手率 涨跌额 涨跌幅（%）
20211108 17.86 17.63 17.97 17.45 96657.85 16989 0.00% -0.28 -1.56%
20211105 18.21 17.91 18.28 17.86 96727.49 17438 0.00% -0.21 -1.16%
20211104 17.81 18.12 18.24 17.73 80077.17 14411 0.00% 0.31 1.74%
20211103 17.85 17.81 17.94 17.56 63687.78 11298 0.00% -0.07 -0.39%
20211102 18.5 17.88 18.53 17.73 105384.58 19056 0.00% -0.49 -2.67%
20211101 17.95 18.37 18.62 17.8 123018.25 22534 0.00% 0.38 2.11%
20211029 18.0 17.99 18.31 17.66 143430.63 25863 0.00% 0.05 0.28%
20211028 18.66 17.94 18.69 17.91 127361.04 23074 0.00% -0.72 -3.86%
20211027 19.29 18.66 19.44 18.3 156423.29 29225 0.00% -0.34 -1.79%
20211026 20.0 19.0 20.0 18.93 189586.41 36650 0.00% -0.90 -4.52%
20211025 20.37 19.9 20.37 19.41 125459.23 24934 0.00% -0.46 -2.26%
20211022 20.48 20.36 20.93 20.2 99441.68 20429 0.00% -0.12 -0.59%
20211021 20.69 20.48 20.93 20.3 96842.63 19953 0.00% -0.30 -1.44%
20211020 20.7 20.78 20.97 20.51 65890.82 13709 0.00% -0.02 -0.10%
20211019 20.41 20.8 20.89 20.19 75581.02 15626 0.00% 0.45 2.21%
20211018 20.25 20.35 20.55 20.09 75868.34 15427 0.00% 0.10 0.49%
20211015 20.19 20.25 20.5 20.06 74587.50 15138 0.00% 0.02 0.10%
20211014 19.73 20.23 20.37 19.41 90637.61 18077 0.00% 0.34 1.71%
20211013 19.92 19.89 19.95 19.23 107096.92 21070 0.00% 0.30 1.53%
20211012 20.21 19.59 20.94 19.5 211529.11 42587 0.00% -0.24 -1.21%
20211011 19.48 19.83 20.34 19.28 126321.42 25135 0.00% 0.54 2.80%
20211008 19.66 19.29 19.96 19.14 118792.21 23179 0.00% -0.01 -0.05%
20210930 19.4 19.3 19.55 19.08 91776.14 17713 0.00% -0.14 -0.72%
20210929 19.78 19.44 20.06 19.42 93792.78 18441 0.00% -0.51 -2.56%
20210928 19.84 19.95 20.44 19.84 93996.16 18879 0.00% -0.05 -0.25%
20210927 20.93 20.0 20.94 19.84 162334.64 32835 0.00% -1.01 -4.81%
20210924 21.89 21.01 22.05 20.9 165596.99 35230 0.00% -0.88 -4.02%
20210923 22.92 21.89 23.1 21.89 145792.98 32432 0.00% -0.86 -3.78%
20210922 22.1 22.75 23.08 21.81 159083.37 35834 0.00% 0.67 3.03%
20210917 23.49 22.08 23.49 21.2 271079.95 60098 0.00% -1.36 -5.80%
20210916 23.58 23.44 24.54 23.25 194814.01 46337 0.00% -0.18 -0.76%
20210915 23.14 23.62 23.77 23.03 113018.60 26522 0.00% 0.22 0.94%
20210914 23.7 23.4 24.13 23.29 190040.22 45079 0.00% -0.18 -0.76%
20210913 22.7 23.58 24.24 22.38 201888.60 47011 0.00% 0.88 3.88%
20210910 22.85 22.7 23.69 22.43 139407.07 32018 0.00% -0.21 -0.92%
20210909 22.38 22.91 23.51 22.38 117807.38 27018 0.00% 0.49 2.19%
20210908 22.9 22.42 23.23 22.36 97300.69 22063 0.00% -0.53 -2.31%
20210907 22.63 22.95 23.01 22.22 115481.70 26117 0.00% 0.35 1.55%
20210906 23.5 22.6 23.52 22.32 171010.68 38864 0.00% -0.67 -2.88%
20210903 22.2 23.27 23.92 22.14 220770.41 51672 0.00% 1.14 5.15%
20210902 21.9 22.13 22.25 21.6 84698.98 18661 0.00% 0.29 1.33%
20210901 22.14 21.84 22.35 21.46 124518.91 27280 0.00% -0.24 -1.09%
20210831 22.1 22.08 22.29 21.61 96902.27 21301 0.00% 0.08 0.36%
20210830 21.62 22.0 22.16 21.62 99233.07 21733 0.00% 0.31 1.43%
20210827 21.5 21.69 21.88 21.24 75354.89 16256 0.00% 0.16 0.74%
20210826 21.44 21.53 22.08 21.4 103068.67 22369 0.00% -0.03 -0.14%
20210825 21.23 21.56 21.64 20.93 120904.83 25796 0.00% 0.38 1.79%
20210824 22.33 21.18 22.33 21.01 213114.96 45876 0.00% -1.19 -5.32%
20210823 20.6 22.37 22.48 20.21 293872.26 63809 0.00% 1.93 9.44%
20210820 19.7 20.44 20.7 19.43 117224.06 23771 0.00% 0.47 2.35%
20210819 19.92 19.97 20.9 19.82 135453.73 27478 0.00% -0.07 -0.35%
20210818 19.7 20.04 20.07 19.31 115651.10 22816 0.00% 0.62 3.19%
20210817 19.98 19.42 20.64 19.29 148288.61 29578 0.00% -0.48 -2.41%
20210816 20.57 19.9 20.86 19.84 97551.81 19733 0.00% -0.41 -2.02%
20210813 20.1 20.31 20.43 20.02 65594.03 13301 0.00% 0.13 0.64%
20210812 20.44 20.18 20.59 20.15 69260.34 14062 0.00% -0.28 -1.37%
20210811 20.3 20.46 20.64 20.03 74681.16 15250 0.00% 0.06 0.29%
20210810 20.58 20.4 20.72 20.25 79020.46 16146 0.00% -0.23 -1.11%
20210809 20.69 20.63 20.94 20.36 60937.33 12588 0.00% -0.02 -0.10%
20210806 20.79 20.65 20.99 20.25 90584.65 18583 0.00% -0.17 -0.82%
20210805 21.31 20.82 21.42 20.65 88581.01 18568 0.00% -0.30 -1.42%
20210804 20.95 21.12 21.39 20.61 107197.44 22535 0.00% 0.12 0.57%
20210803 20.9 21.0 21.34 20.63 100800.36 21137 0.00% 0.05 0.24%
20210802 20.26 20.95 21.24 20.06 127474.98 26571 0.00% 0.49 2.39%
20210730 21.0 20.46 21.26 20.27 110016.21 22776 0.00% -0.28 -1.35%
20210729 20.23 20.74 20.91 20.2 129860.79 26808 0.00% 0.94 4.75%
20210728 20.76 19.8 20.76 18.8 195242.27 38474 0.00% -0.96 -4.62%
20210727 21.16 20.76 21.91 20.74 110569.18 23606 0.00% -0.42 -1.98%
20210726 21.84 21.18 22.06 20.76 104495.35 22358 0.00% -0.48 -2.22%
20210723 22.19 21.66 22.4 21.5 101151.20 22043 0.00% -0.63 -2.83%
20210722 22.29 22.29 22.65 21.9 127419.92 28390 0.00% 0.02 0.09%
20210721 21.85 22.27 22.28 21.65 100558.37 22150 0.00% 0.86 4.02%
20210720 21.5 21.41 21.79 21.0 102231.09 21838 0.00% -0.41 -1.88%
20210719 22.19 21.82 22.44 21.62 85227.64 18745 0.00% -0.27 -1.22%
20210716 22.45 22.09 22.75 22.04 92567.33 20656 0.00% -0.17 -0.76%
20210715 21.88 22.26 22.55 21.74 115253.13 25509 0.00% -0.10 -0.45%
20210714 22.45 22.36 22.91 22.02 116605.62 26293 0.00% -0.09 -0.40%
20210713 22.23 22.45 22.66 21.96 113061.76 25250 0.00% 0.19 0.85%
20210712 22.36 22.26 22.54 21.86 119687.45 26501 0.00% 0.16 0.72%
20210709 22.19 22.1 22.28 21.57 135648.54 29815 0.00% 0.17 0.78%
20210708 21.0 21.93 22.28 20.99 242953.34 53256 0.00% 1.24 5.99%
20210707 20.0 20.69 20.76 19.9 239746.55 49042 0.00% 0.99 5.03%
20210706 20.15 19.7 20.25 18.93 160279.98 31280 0.00% -0.58 -2.86%
20210705 20.03 20.28 20.6 19.8 98268.15 19792 0.00% 0.20 1.00%
20210702 19.8 20.08 20.56 19.65 110156.05 22116 0.00% 0.27 1.36%
20210701 20.27 19.81 20.28 19.78 89037.74 17751 0.00% -0.46 -2.27%
20210630 20.39 20.27 20.39 19.84 100747.65 20216 0.00% 0.10 0.50%
20210629 19.66 20.17 20.46 19.6 132339.20 26633 0.00% 0.31 1.56%
20210628 20.55 19.86 20.6 19.65 124319.57 24759 0.00% -0.29 -1.44%
20210625 19.1 20.15 20.18 19.1 203266.39 40114 0.00% 1.38 7.35%
20210624 18.69 18.77 18.93 18.65 54868.06 10301 0.00% 0.05 0.27%
20210623 19.09 18.72 19.09 18.68 67635.63 12729 0.00% -0.39 -2.04%
20210622 19.79 19.11 19.79 18.95 111489.99 21445 0.00% -0.78 -3.92%
20210621 18.98 19.89 20.08 18.92 107058.18 21184 0.00% 0.94 4.96%
20210618 18.9 18.95 19.24 18.54 69300.94 13122 0.00% 0.16 0.85%
20210617 18.85 18.79 19.12 18.5 77728.50 14602 0.00% -0.03 -0.16%
20210616 19.68 18.82 19.68 18.51 92145.01 17420 0.00% -0.75 -3.83%
20210615 19.81 19.57 19.86 19.0 89891.66 17452 0.00% -0.01 -0.05%
20210611 19.58 19.58 19.83 19.39 60879.42 11920 0.00% 0.08 0.41%
20210610 19.57 19.5 19.75 19.25 60208.81 11725 0.00% -0.09 -0.46%
20210609 19.45 19.59 19.67 19.02 62427.48 12108 0.00% 0.14 0.72%
20210608 19.6 19.45 19.66 19.16 56835.02 10996 0.00% -0.09 -0.46%
20210607 19.38 19.54 19.95 19.25 71022.22 13916 0.00% 0.18 0.93%
20210604 19.19 19.36 19.45 19.1 39926.69 7700 0.00% 0.05 0.26%
20210603 18.93 19.31 19.57 18.89 91140.89 17660 0.00% 0.36 1.90%
20210602 19.71 18.95 19.74 18.94 125060.75 23981 0.00% -0.82 -4.15%
20210601 19.0 19.77 19.84 18.9 108744.69 21221 0.00% 0.59 3.08%
20210531 19.17 19.18 19.45 18.96 93617.86 17942 0.00% 0.22 1.16%
20210528 18.0 18.96 19.25 17.98 143132.91 26984 0.00% 0.85 4.69%
20210527 18.19 18.11 18.27 17.86 75771.54 13683 0.00% 0.04 0.22%
20210526 17.99 18.07 18.14 17.68 132014.31 23740 0.00% 0.54 3.08%
20210525 16.85 17.53 17.55 16.78 91265.59 15753 0.00% 0.80 4.78%
20210524 16.92 16.73 16.92 16.41 46299.25 7712 0.00% -0.04 -0.24%
20210521 16.65 16.77 16.98 16.53 64155.82 10770 0.00% -0.61 -3.51%
20210520 17.85 17.38 17.86 17.2 99739.60 17313 0.00% -0.45 -2.52%
20210519 17.82 17.83 17.88 17.54 55813.31 9889 0.00% -0.09 -0.50%
20210518 17.9 17.92 18.3 17.85 51534.14 9317 0.00% 0.01 0.06%
20210517 18.27 17.91 18.48 17.83 78853.29 14233 0.00% -0.46 -2.50%
20210514 18.38 18.37 18.98 18.22 96922.05 18021 0.00% 0.22 1.21%
20210513 17.88 18.15 18.18 17.66 66211.01 11911 0.00% 0.24 1.34%
20210512 17.9 17.91 18.05 17.72 47240.22 8445 0.00% 0.14 0.79%
20210511 18.09 17.77 18.09 17.32 68657.66 12116 0.00% -0.36 -1.99%
20210510 17.99 18.13 18.14 17.72 93344.05 16764 0.00% 0.20 1.12%
20210507 17.48 17.93 18.55 17.3 145333.50 26100 0.00% 0.53 3.05%
20210506 16.92 17.4 17.48 16.92 122021.26 21036 0.00% 0.53 3.14%
20210430 16.39 16.87 17.13 16.32 98321.70 16592 0.00% 0.56 3.43%
20210429 16.25 16.31 16.41 16.14 38902.50 6317 0.00% 0.01 0.06%
20210428 16.11 16.3 16.37 16.01 32627.24 5289 0.00% 0.16 0.99%
20210427 16.36 16.14 16.49 16.1 34312.23 5571 0.00% -0.18 -1.10%
20210426 16.85 16.32 16.94 16.3 61566.94 10256 0.00% -0.32 -1.92%
20210423 16.7 16.64 16.8 16.45 56020.48 9294 0.00% -0.06 -0.36%
20210422 16.91 16.7 17.08 16.7 45499.79 7653 0.00% -0.30 -1.76%
20210421 17.09 17.0 17.13 16.77 57807.78 9789 0.00% -0.11 -0.64%
20210420 16.77 17.11 17.11 16.38 89509.21 14983 0.00% 0.34 2.03%
20210419 16.35 16.77 16.77 16.15 73429.12 12147 0.00% 0.51 3.14%
20210416 15.84 16.26 16.36 15.84 48969.64 7928 0.00% 0.37 2.33%
20210415 15.86 15.89 15.95 15.61 28559.14 4505 0.00% 0.04 0.25%
20210414 15.68 15.85 15.96 15.62 28737.74 4534 0.00% 0.17 1.08%
20210413 15.67 15.68 15.94 15.6 30175.73 4752 0.00% -0.03 -0.19%
20210412 16.38 15.71 16.47 15.7 72636.35 11607 0.00% -0.67 -4.09%
20210409 16.34 16.38 16.39 16.07 47287.11 7675 0.00% 0.06 0.37%
20210408 16.35 16.32 16.55 16.25 49089.96 8055 0.00% -0.13 -0.79%
20210407 16.18 16.45 16.54 16.12 71485.73 11660 0.00% 0.16 0.98%
20210406 16.53 16.29 16.63 16.22 101412.98 16537 0.00% -0.49 -2.92%
20210402 16.52 16.78 17.26 16.0 215186.28 35759 0.00% 1.00 6.34%
20210401 15.75 15.78 16.0 15.7 40639.11 6431 0.00% 0.03 0.19%
20210331 15.8 15.75 15.98 15.68 41393.17 6540 0.00% -0.10 -0.63%
20210330 15.67 15.85 15.99 15.46 68178.76 10785 0.00% 0.12 0.76%
20210329 15.68 15.73 15.96 15.48 76373.96 12020 0.00% 0.14 0.90%
20210326 15.59 15.59 15.75 15.38 64781.11 10097 0.00% 0.11 0.71%
20210325 15.4 15.48 15.84 15.31 71192.55 11100 0.00% 0.08 0.52%
20210324 16.07 15.4 16.18 15.14 102652.92 15847 0.00% -0.73 -4.53%
20210323 16.83 16.13 16.85 15.85 91015.61 14697 0.00% -0.67 -3.99%
20210322 16.49 16.8 16.93 16.36 72044.45 12046 0.00% 0.34 2.07%
20210319 17.65 16.46 17.66 16.46 140096.89 23652 0.00% -1.35 -7.58%
20210318 17.17 17.81 17.9 17.17 87855.53 15520 0.00% 0.58 3.37%
20210317 17.07 17.23 17.3 16.73 46812.42 8016 0.00% 0.19 1.12%
20210316 17.38 17.04 17.43 16.9 59756.54 10229 0.00% -0.18 -1.05%
20210315 17.4 17.22 17.46 17.03 61954.75 10644 0.00% -0.25 -1.43%
20210312 17.73 17.47 17.87 16.88 95709.03 16538 0.00% -0.26 -1.47%
20210311 17.09 17.73 18.01 17.05 90763.21 15969 0.00% 0.63 3.68%
