日期 开盘价 收盘价 最高价 最低价 成交量（手） 成交额（万元） 换手率 涨跌额 涨跌幅（%）
20211108 55.31 55.0 57.2 54.0 40343.13 22357 0.00% -0.31 -0.56%
20211105 55.47 55.31 56.5 54.63 46406.68 25706 0.00% -0.92 -1.64%
20211104 53.44 56.23 56.86 52.9 66597.68 36546 0.00% 2.42 4.50%
20211103 53.44 53.81 54.1 52.83 39845.27 21319 0.00% 0.38 0.71%
20211102 53.8 53.43 55.26 52.05 78376.46 41845 0.00% -0.31 -0.58%
20211101 53.0 53.74 56.01 52.0 91698.53 49852 0.00% 0.74 1.40%
20211029 50.0 53.0 53.77 49.61 125712.76 65243 0.00% 3.06 6.13%
20211028 45.01 49.94 49.94 44.26 84883.25 40191 0.00% 4.54 10.00%
20211027 48.0 45.4 48.0 45.1 78842.64 36205 0.00% -2.75 -5.71%
20211026 49.7 48.15 49.8 47.91 56068.68 27274 0.00% -1.91 -3.82%
20211025 50.02 50.06 50.49 48.48 78297.76 38777 0.00% 0.04 0.08%
20211022 45.49 50.02 50.02 45.49 128890.43 62753 0.00% 4.55 10.01%
20211021 44.81 45.47 45.5 44.69 25945.20 11700 0.00% 0.51 1.13%
20211020 45.67 44.96 45.78 44.53 25855.64 11624 0.00% -0.53 -1.17%
20211019 45.7 45.49 46.14 45.09 39632.90 18032 0.00% -0.62 -1.34%
20211018 48.39 46.11 48.44 45.55 44124.91 20396 0.00% -1.99 -4.14%
20211015 47.95 48.1 48.58 46.56 43095.87 20495 0.00% 0.44 0.92%
20211014 48.0 47.66 49.25 47.6 30492.62 14694 0.00% -0.33 -0.69%
20211013 48.39 47.99 48.49 46.5 29366.21 13962 0.00% -0.09 -0.19%
20211012 49.65 48.08 49.79 47.55 72809.39 35106 0.00% -1.92 -3.84%
20211011 49.37 50.0 50.64 48.43 60532.33 30185 0.00% 0.70 1.42%
20211008 46.74 49.3 49.43 46.72 63706.11 31002 0.00% 2.59 5.54%
20210930 47.98 46.71 49.0 46.6 29502.26 14022 0.00% -1.21 -2.53%
20210929 47.13 47.92 48.25 46.0 26585.25 12600 0.00% 0.39 0.82%
20210928 47.2 47.53 48.0 46.32 28654.54 13561 0.00% 0.26 0.55%
20210927 46.05 47.27 47.83 45.72 30313.23 14246 0.00% 1.26 2.74%
20210924 45.65 46.01 46.4 45.18 24036.73 11071 0.00% 0.50 1.10%
20210923 45.01 45.51 46.18 44.64 21596.41 9833 0.00% 0.70 1.56%
20210922 44.71 44.81 44.91 43.85 15671.13 6952 0.00% -0.48 -1.06%
20210917 45.05 45.29 45.55 44.81 16606.96 7508 0.00% 0.11 0.24%
20210916 45.08 45.18 45.9 44.53 25727.88 11645 0.00% -0.22 -0.48%
20210915 47.24 45.4 47.24 44.82 32410.49 14762 0.00% -1.90 -4.02%
20210914 48.25 47.3 49.28 47.22 19920.43 9554 0.00% -1.05 -2.17%
20210913 49.3 48.35 49.53 48.23 15152.17 7377 0.00% -1.36 -2.74%
20210910 49.63 49.71 50.07 49.15 13127.82 6509 0.00% 0.13 0.26%
20210909 49.96 49.58 50.25 49.51 10648.39 5298 0.00% -0.44 -0.88%
20210908 49.4 50.02 50.16 49.36 10572.25 5266 0.00% 0.29 0.58%
20210907 49.77 49.73 50.0 49.11 15224.93 7531 0.00% -0.09 -0.18%
20210906 48.93 49.82 50.2 48.41 18921.08 9406 0.00% 0.92 1.88%
20210903 48.96 48.9 49.36 48.01 11525.24 5622 0.00% 0.40 0.82%
20210902 49.35 48.5 49.5 47.96 14860.08 7198 0.00% -0.83 -1.68%
20210901 48.82 49.33 50.32 48.0 19705.19 9687 0.00% 0.54 1.11%
20210831 49.05 48.79 50.17 48.4 17007.94 8326 0.00% -0.43 -0.87%
20210830 50.02 49.22 50.38 48.54 23316.81 11492 0.00% -1.27 -2.52%
20210827 51.15 50.49 51.58 50.2 17126.44 8693 0.00% -0.61 -1.19%
20210826 52.47 51.1 52.47 50.78 11671.01 5976 0.00% -1.62 -3.07%
20210825 52.81 52.72 53.21 52.37 7134.88 3762 0.00% -0.39 -0.73%
20210824 54.2 53.11 54.2 52.48 13263.11 7025 0.00% -0.67 -1.25%
20210823 51.56 53.78 54.19 51.25 18156.07 9694 0.00% 2.64 5.16%
20210820 51.99 51.14 52.39 50.6 11705.87 6004 0.00% -0.90 -1.73%
20210819 53.98 52.04 53.99 52.02 9836.40 5192 0.00% -1.05 -1.98%
20210818 52.7 53.09 53.2 51.96 9633.22 5070 0.00% 0.47 0.89%
20210817 54.12 52.62 54.76 52.61 14775.57 7889 0.00% -1.61 -2.97%
20210816 53.27 54.23 54.5 52.92 11840.52 6400 0.00% 0.95 1.78%
20210813 54.01 53.28 54.1 52.9 10198.64 5441 0.00% -0.85 -1.57%
20210812 54.26 54.13 54.93 53.86 10796.98 5863 0.00% -0.62 -1.13%
20210811 55.18 54.75 55.57 54.31 11988.13 6570 0.00% -0.67 -1.21%
20210810 56.2 55.42 56.73 54.2 20066.36 11046 0.00% -0.63 -1.12%
20210809 53.17 56.05 56.75 53.17 26852.65 14976 0.00% 2.65 4.96%
20210806 54.44 53.4 54.53 52.91 14278.63 7608 0.00% -0.64 -1.18%
20210805 54.04 54.04 55.18 53.85 17125.68 9341 0.00% -0.41 -0.75%
20210804 54.6 54.45 56.0 53.65 20738.15 11286 0.00% 0.04 0.07%
20210803 53.39 54.41 54.66 53.05 21563.42 11639 0.00% 1.02 1.91%
20210802 52.0 53.39 53.73 50.85 26593.97 14008 0.00% 1.58 3.05%
20210730 52.12 51.81 52.62 50.41 25658.38 13201 0.00% -0.96 -1.82%
20210729 52.46 52.77 53.16 51.86 18151.60 9553 0.00% 1.30 2.53%
20210728 50.55 51.47 51.71 50.49 23574.71 12049 0.00% 0.36 0.70%
20210727 53.03 51.11 53.85 51.03 28273.30 14781 0.00% -1.64 -3.11%
20210726 55.05 52.75 55.11 52.36 29286.87 15608 0.00% -2.65 -4.78%
20210723 57.4 55.4 57.58 55.04 16857.27 9407 0.00% -1.61 -2.82%
20210722 57.95 57.01 58.31 56.91 10515.51 6019 0.00% -0.94 -1.62%
20210721 57.46 57.95 58.59 57.46 11780.28 6834 0.00% 0.39 0.68%
20210720 57.01 57.56 57.83 56.7 14944.78 8559 0.00% 0.16 0.28%
20210719 58.4 57.4 58.66 56.37 17078.57 9764 0.00% -1.00 -1.71%
20210716 57.65 58.4 58.89 57.2 23110.82 13487 0.00% 0.73 1.27%
20210715 59.7 57.67 60.17 57.07 31770.13 18382 0.00% -2.30 -3.84%
20210714 59.49 59.97 60.44 59.04 20359.73 12186 0.00% 0.13 0.22%
20210713 60.3 59.84 60.95 59.2 23323.86 13986 0.00% -0.45 -0.75%
20210712 60.85 60.29 61.95 60.15 17550.46 10662 0.00% -0.21 -0.35%
20210709 62.44 60.5 62.86 60.3 30460.98 18543 0.00% -2.00 -3.20%
20210708 63.0 62.5 63.4 62.12 21498.79 13497 0.00% -0.50 -0.79%
20210707 61.12 63.0 63.0 61.12 11392.63 7101 0.00% 1.66 2.71%
20210706 63.16 61.34 63.16 60.84 15072.32 9267 0.00% -0.62 -1.00%
20210705 64.44 61.96 64.7 61.76 17933.67 11253 0.00% -2.29 -3.56%
20210702 63.37 64.25 65.53 63.03 22819.10 14660 0.00% 0.47 0.74%
20210701 64.12 63.78 64.25 63.3 12892.05 8215 0.00% -0.01 -0.02%
20210630 64.16 63.79 64.43 63.25 11965.28 7636 0.00% -0.26 -0.41%
20210629 64.5 64.05 65.09 64.0 14054.42 9044 0.00% -0.88 -1.36%
20210628 64.4 64.93 65.0 63.0 20139.53 12903 0.00% 0.48 0.74%
20210625 66.46 64.45 67.32 64.07 40771.64 26516 0.00% -1.80 -2.72%
20210624 65.22 66.25 66.77 65.12 19193.26 12697 0.00% 1.27 1.95%
20210623 64.18 64.98 65.15 64.18 12319.30 7968 0.00% 0.81 1.26%
20210622 64.33 64.17 65.39 63.85 19371.21 12520 0.00% -0.17 -0.26%
20210621 65.38 64.34 66.09 64.0 18912.86 12229 0.00% -1.54 -2.34%
20210618 66.27 65.88 66.68 65.24 13297.19 8760 0.00% -0.39 -0.59%
20210617 66.21 66.27 66.63 65.74 10143.74 6716 0.00% -0.23 -0.35%
20210616 66.88 66.5 68.28 66.0 14804.04 9902 0.00% 0.00 0.00%
20210615 67.93 66.5 67.99 66.5 17516.21 11744 0.00% -1.35 -1.99%
20210611 69.04 67.85 69.09 67.1 17539.72 11885 0.00% -0.96 -1.40%
20210610 69.01 68.81 69.69 68.75 14210.43 9823 0.00% -0.08 -0.12%
20210609 69.8 68.89 70.49 68.68 13938.42 9646 0.00% -1.18 -1.68%
20210608 69.58 70.07 70.15 68.7 14794.50 10305 0.00% 0.59 0.85%
20210607 70.26 69.48 70.36 69.19 15404.08 10721 0.00% -0.66 -0.94%
20210604 70.01 70.14 70.48 69.51 15400.53 10769 0.00% 0.13 0.19%
20210603 71.15 70.01 71.25 69.98 20143.16 14177 0.00% -0.74 -1.05%
20210602 71.43 70.75 71.45 70.0 20730.39 14611 0.00% -0.63 -0.88%
20210601 70.79 71.38 72.18 70.31 27482.11 19638 0.00% 0.58 0.82%
20210531 73.2 70.8 73.35 70.16 31085.36 22096 0.00% -2.43 -3.32%
20210528 74.24 73.23 74.3 72.28 16602.47 12161 0.00% -1.00 -1.35%
20210527 75.01 74.23 75.01 73.85 14738.36 10944 0.00% -0.82 -1.09%
20210526 74.65 75.05 76.02 73.61 17254.39 12853 0.00% -0.05 -0.07%
20210525 73.73 75.1 75.48 72.88 18073.40 13423 0.00% 0.30 0.40%
20210524 75.48 74.8 76.55 74.28 14783.64 11103 0.00% -0.68 -0.90%
20210521 75.27 75.48 76.94 74.66 16098.36 12180 0.00% 0.00 0.00%
20210520 74.67 75.48 76.0 74.2 14509.01 10892 0.00% 0.65 0.87%
20210519 75.77 74.83 75.87 74.39 14637.90 10967 0.00% -0.95 -1.25%
20210518 76.07 75.78 76.3 75.25 12774.70 9680 0.00% -0.13 -0.17%
20210517 75.65 75.91 77.49 75.47 16689.95 12690 0.00% -0.08 -0.11%
20210514 76.68 75.99 77.08 75.5 13561.89 10304 0.00% -0.99 -1.29%
20210513 76.77 76.98 77.75 76.1 9051.88 6956 0.00% -0.28 -0.36%
20210512 78.8 77.26 79.78 76.75 15285.46 11901 0.00% -1.68 -2.13%
20210511 77.46 78.94 78.94 76.5 15787.34 12305 0.00% 0.97 1.24%
20210510 78.25 77.97 79.47 76.68 20135.76 15672 0.00% -0.28 -0.36%
20210507 78.48 78.25 79.28 77.58 19663.92 15424 0.00% -0.75 -0.95%
20210506 75.73 79.0 79.48 75.5 31976.47 25023 0.00% 3.60 4.77%
20210430 74.39 75.4 75.45 74.29 17228.97 12911 0.00% 0.69 0.92%
20210429 72.33 74.71 75.5 71.18 25443.86 18904 0.00% 2.80 3.89%
20210428 69.14 71.91 72.18 69.14 19022.11 13526 0.00% 2.80 4.05%
20210427 68.9 69.11 69.74 68.31 10753.26 7431 0.00% -0.11 -0.16%
20210426 72.05 69.22 72.05 69.12 27462.83 19282 0.00% -3.02 -4.18%
20210423 71.19 72.24 73.8 71.11 26263.61 18943 0.00% 2.28 3.26%
20210422 71.13 69.96 71.64 69.39 21447.67 15025 0.00% -1.33 -1.87%
20210421 71.55 71.29 72.49 71.01 14864.11 10625 0.00% -0.59 -0.82%
20210420 74.06 71.88 74.41 71.6 21480.17 15572 0.00% -1.96 -2.65%
20210419 72.7 73.84 74.47 72.08 14286.85 10510 0.00% 1.45 2.00%
20210416 73.3 72.39 73.45 70.5 18083.36 13070 0.00% 0.12 0.17%
20210415 73.27 72.27 73.94 70.38 31729.83 22851 0.00% -0.81 -1.11%
20210414 71.84 73.08 73.2 71.01 13405.54 9710 0.00% 1.41 1.97%
20210413 72.5 71.67 73.14 71.3 11507.17 8310 0.00% -0.28 -0.39%
20210412 74.44 71.95 74.44 71.12 13239.87 9595 0.00% -1.93 -2.61%
20210409 73.32 73.88 74.99 73.14 11534.63 8513 0.00% -0.57 -0.77%
20210408 74.43 74.45 75.38 74.25 11019.90 8229 0.00% -0.43 -0.57%
20210407 74.89 74.88 75.59 73.6 15168.86 11322 0.00% 0.28 0.38%
20210406 74.94 74.6 75.48 73.32 9887.87 7346 0.00% 0.40 0.54%
20210402 73.49 74.2 74.38 72.48 9685.50 7135 0.00% 1.41 1.94%
20210401 71.0 72.79 73.2 70.78 10273.62 7453 0.00% 1.24 1.73%
20210331 71.8 71.55 71.89 70.03 10553.93 7503 0.00% 0.40 0.56%
20210330 70.35 71.15 71.84 70.2 14532.04 10349 0.00% 0.80 1.14%
20210329 69.65 70.35 70.48 69.42 9633.76 6758 0.00% 0.70 1.01%
20210326 69.68 69.65 69.86 68.61 12145.07 8418 0.00% 0.74 1.07%
20210325 69.24 68.91 69.85 68.67 10311.86 7133 0.00% -0.32 -0.46%
20210324 67.56 69.23 69.5 67.56 12181.78 8433 0.00% 0.64 0.93%
20210323 69.27 68.59 69.58 68.2 10588.48 7278 0.00% -0.60 -0.87%
20210322 69.0 69.19 69.84 68.21 8929.34 6169 0.00% 0.19 0.28%
20210319 69.01 69.0 69.85 68.65 9552.54 6609 0.00% -0.91 -1.30%
20210318 69.3 69.91 69.97 68.2 12105.96 8365 0.00% 0.26 0.37%
20210317 68.08 69.65 69.65 67.18 14859.55 10210 0.00% 1.97 2.91%
20210316 66.83 67.68 67.88 66.53 12821.75 8637 0.00% 0.53 0.79%
20210315 67.8 67.15 67.8 64.7 20878.59 13850 0.00% -0.37 -0.55%
20210312 68.0 67.52 68.68 66.9 12141.48 8212 0.00% -0.24 -0.35%
20210311 67.14 67.76 68.19 66.5 14347.86 9676 0.00% 1.08 1.62%
