日期 开盘价 收盘价 最高价 最低价 成交量（手） 成交额（万元） 换手率 涨跌额 涨跌幅（%）
20211108 8.07 8.0 8.09 7.93 35393.27 2826 0.00% -0.08 -0.99%
20211105 8.1 8.08 8.17 8.07 19467.92 1578 0.00% -0.05 -0.62%
20211104 8.18 8.13 8.23 8.1 25409.99 2069 0.00% -0.07 -0.85%
20211103 8.07 8.2 8.21 8.05 19642.66 1599 0.00% 0.09 1.11%
20211102 8.24 8.11 8.31 8.04 28352.82 2305 0.00% -0.14 -1.70%
20211101 8.21 8.25 8.38 8.15 32985.78 2731 0.00% 0.02 0.24%
20211029 8.08 8.23 8.24 8.01 34256.51 2792 0.00% 0.11 1.35%
20211028 8.46 8.12 8.51 8.06 57758.17 4744 0.00% -0.53 -6.13%
20211027 8.71 8.65 8.74 8.59 24244.80 2096 0.00% -0.06 -0.69%
20211026 8.56 8.71 8.75 8.46 50480.60 4380 0.00% 0.17 1.99%
20211025 8.51 8.54 8.61 8.45 23610.52 2012 0.00% 0.01 0.12%
20211022 8.66 8.53 8.72 8.5 32271.00 2768 0.00% -0.17 -1.95%
20211021 8.76 8.7 8.79 8.64 41235.09 3596 0.00% 0.07 0.81%
20211020 8.79 8.63 8.79 8.63 29687.00 2585 0.00% -0.11 -1.26%
20211019 8.7 8.74 8.81 8.58 39410.53 3435 0.00% 0.09 1.04%
20211018 8.4 8.65 8.67 8.4 38183.80 3275 0.00% 0.26 3.10%
20211015 8.7 8.39 8.7 8.33 48579.00 4106 0.00% -0.26 -3.01%
20211014 8.64 8.65 8.69 8.56 23081.76 1992 0.00% 0.05 0.58%
20211013 8.75 8.6 8.75 8.45 39391.00 3377 0.00% -0.15 -1.71%
20211012 8.81 8.75 8.92 8.62 39524.99 3474 0.00% -0.06 -0.68%
20211011 8.83 8.81 8.98 8.75 53402.05 4743 0.00% -0.01 -0.11%
20211008 8.65 8.82 8.86 8.58 49329.18 4335 0.00% 0.26 3.04%
20210930 8.68 8.56 8.76 8.51 52416.81 4519 0.00% -0.05 -0.58%
20210929 8.81 8.61 8.94 8.6 43315.66 3779 0.00% -0.32 -3.58%
20210928 8.89 8.93 8.97 8.79 36298.24 3224 0.00% 0.08 0.90%
20210927 9.2 8.85 9.2 8.78 50986.22 4554 0.00% -0.28 -3.07%
20210924 9.37 9.13 9.46 9.03 67390.00 6162 0.00% -0.17 -1.83%
20210923 8.88 9.3 9.3 8.88 102925.71 9462 0.00% 0.45 5.08%
20210922 8.89 8.85 8.9 8.68 33037.96 2897 0.00% -0.06 -0.67%
20210917 9.14 8.91 9.18 8.84 49559.10 4441 0.00% -0.26 -2.84%
20210916 9.12 9.17 9.35 9.1 70457.47 6496 0.00% 0.10 1.10%
20210915 9.04 9.07 9.18 9.01 35109.02 3194 0.00% 0.03 0.33%
20210914 9.11 9.04 9.3 9.02 57726.38 5283 0.00% -0.10 -1.09%
20210913 9.15 9.14 9.28 9.07 51720.44 4739 0.00% 0.00 0.00%
20210910 9.29 9.14 9.45 9.13 72484.55 6741 0.00% -0.15 -1.61%
20210909 9.24 9.29 9.49 9.11 76653.27 7131 0.00% 0.03 0.32%
20210908 8.93 9.26 9.58 8.9 142043.02 13193 0.00% 0.38 4.28%
20210907 8.84 8.88 8.91 8.71 54423.94 4822 0.00% 0.05 0.57%
20210906 8.79 8.83 8.93 8.74 69086.45 6117 0.00% 0.05 0.57%
20210903 8.98 8.78 8.98 8.75 69903.79 6184 0.00% -0.05 -0.57%
20210902 8.83 8.83 8.98 8.67 100065.97 8786 0.00% 0.01 0.11%
20210901 8.54 8.82 8.9 8.47 116782.73 10163 0.00% 0.33 3.89%
20210831 8.4 8.49 8.53 8.29 44714.96 3763 0.00% 0.10 1.19%
20210830 8.63 8.39 8.68 8.37 62355.72 5284 0.00% -0.24 -2.78%
20210827 8.46 8.63 8.74 8.39 68857.96 5911 0.00% 0.18 2.13%
20210826 8.4 8.45 8.53 8.3 59042.50 4990 0.00% 0.03 0.36%
20210825 8.48 8.42 8.54 8.36 39574.38 3345 0.00% -0.06 -0.71%
20210824 8.44 8.48 8.59 8.39 45956.47 3902 0.00% -0.01 -0.12%
20210823 8.32 8.49 8.54 8.23 70753.63 5978 0.00% 0.25 3.03%
20210820 8.27 8.24 8.38 8.17 41940.55 3467 0.00% -0.05 -0.60%
20210819 8.34 8.29 8.38 8.15 44903.70 3696 0.00% -0.11 -1.31%
20210818 8.34 8.4 8.5 8.13 54916.45 4561 0.00% 0.14 1.69%
20210817 8.37 8.26 8.44 8.25 49428.45 4123 0.00% -0.22 -2.59%
20210816 8.08 8.48 8.72 8.08 93444.69 7936 0.00% 0.47 5.87%
20210813 7.98 8.01 8.03 7.91 21130.51 1687 0.00% 0.06 0.75%
20210812 7.95 7.95 8.03 7.94 21038.25 1678 0.00% -0.07 -0.87%
20210811 8.08 8.02 8.09 7.99 26193.36 2104 0.00% -0.04 -0.50%
20210810 8.0 8.06 8.08 7.98 21579.67 1735 0.00% 0.07 0.88%
20210809 7.88 7.99 8.02 7.85 23035.99 1837 0.00% 0.11 1.40%
20210806 7.9 7.88 7.9 7.81 18469.00 1450 0.00% -0.02 -0.25%
20210805 7.97 7.9 8.04 7.88 21221.00 1679 0.00% -0.06 -0.75%
20210804 8.07 7.96 8.1 7.95 23401.83 1875 0.00% -0.11 -1.36%
20210803 7.92 8.07 8.11 7.84 32491.75 2591 0.00% 0.15 1.89%
20210802 7.89 7.92 8.0 7.75 36328.83 2853 0.00% -0.01 -0.13%
20210730 8.01 7.93 8.01 7.88 17117.78 1357 0.00% -0.08 -1.00%
20210729 7.95 8.01 8.05 7.86 28129.00 2240 0.00% 0.11 1.39%
20210728 7.84 7.9 7.98 7.79 23386.51 1846 0.00% 0.02 0.25%
20210727 8.07 7.88 8.08 7.85 31897.51 2536 0.00% -0.14 -1.75%
20210726 8.35 8.02 8.35 7.97 49437.32 4006 0.00% -0.36 -4.30%
20210723 8.31 8.38 8.42 8.2 27571.08 2291 0.00% 0.03 0.36%
20210722 8.28 8.35 8.37 8.22 18210.00 1516 0.00% 0.04 0.48%
20210721 8.32 8.31 8.44 8.29 18609.25 1553 0.00% -0.03 -0.36%
20210720 8.31 8.34 8.38 8.28 12942.06 1076 0.00% -0.02 -0.24%
20210719 8.45 8.36 8.45 8.25 21715.38 1806 0.00% -0.10 -1.18%
20210716 8.62 8.46 8.62 8.4 32315.48 2739 0.00% -0.13 -1.51%
20210715 8.59 8.59 8.69 8.55 27846.73 2399 0.00% -0.01 -0.12%
20210714 8.65 8.6 8.66 8.54 23818.00 2045 0.00% -0.04 -0.46%
20210713 8.59 8.64 8.68 8.5 25945.00 2227 0.00% 0.05 0.58%
20210712 8.65 8.59 8.74 8.57 27651.56 2389 0.00% -0.06 -0.69%
20210709 8.67 8.65 8.74 8.52 34740.16 2985 0.00% -0.02 -0.23%
20210708 8.88 8.67 8.9 8.67 29598.01 2590 0.00% -0.21 -2.36%
20210707 8.93 8.88 9.01 8.75 27184.01 2404 0.00% -0.09 -1.00%
20210706 8.89 8.97 9.02 8.84 23865.05 2132 0.00% 0.09 1.01%
20210705 8.9 8.88 8.95 8.85 16428.01 1460 0.00% -0.03 -0.34%
20210702 8.95 8.91 8.97 8.84 19407.00 1728 0.00% 0.00 0.00%
20210701 9.15 8.91 9.16 8.89 21991.51 1972 0.00% -0.14 -1.55%
20210630 8.87 9.05 9.12 8.86 33422.25 3022 0.00% 0.18 2.03%
20210629 9.01 8.87 9.02 8.79 30360.25 2701 0.00% -0.15 -1.66%
20210628 8.97 9.02 9.06 8.87 33469.82 2999 0.00% 0.05 0.56%
20210625 8.87 8.97 9.02 8.8 31207.01 2791 0.00% 0.10 1.13%
20210624 8.9 8.87 8.93 8.83 15238.87 1352 0.00% -0.03 -0.34%
20210623 8.88 8.9 8.92 8.81 22961.62 2037 0.00% 0.03 0.34%
20210622 8.78 8.87 8.9 8.76 21368.96 1890 0.00% 0.10 1.14%
20210621 8.76 8.77 8.84 8.73 18470.60 1620 0.00% 0.01 0.11%
20210618 8.74 8.76 8.85 8.67 20629.48 1804 0.00% 0.02 0.23%
20210617 8.76 8.74 8.84 8.7 15935.76 1395 0.00% -0.02 -0.23%
20210616 8.78 8.76 8.85 8.71 22426.68 1966 0.00% -0.02 -0.23%
20210615 8.98 8.78 9.07 8.77 41810.00 3707 0.00% -0.27 -2.98%
20210611 9.01 9.05 9.1 8.97 26185.71 2363 0.00% 0.05 0.56%
20210610 9.1 9.0 9.17 8.98 35612.09 3225 0.00% -0.11 -1.21%
20210609 9.25 9.11 9.3 9.08 34813.21 3190 0.00% -0.16 -1.73%
20210608 9.27 9.27 9.36 9.16 33389.45 3092 0.00% 0.01 0.11%
20210607 9.24 9.26 9.43 9.2 35766.17 3326 0.00% 0.04 0.43%
20210604 9.29 9.22 9.42 9.21 39313.83 3652 0.00% -0.08 -0.86%
20210603 9.25 9.3 9.49 9.19 53388.87 4981 0.00% 0.06 0.65%
20210602 9.34 9.24 9.39 9.18 50028.84 4632 0.00% -0.14 -1.49%
20210601 9.43 9.38 9.44 9.24 50583.85 4721 0.00% -0.05 -0.53%
20210531 9.51 9.43 9.79 9.39 69926.19 6651 0.00% -0.14 -1.46%
20210528 9.36 9.57 9.61 9.25 85355.42 8061 0.00% 0.19 2.03%
20210527 9.55 9.38 9.55 9.34 66267.21 6240 0.00% -0.14 -1.47%
20210526 9.37 9.52 9.81 9.26 148736.44 14201 0.00% 0.17 1.82%
20210525 8.78 9.35 9.53 8.75 140698.25 12954 0.00% 0.60 6.86%
20210524 8.7 8.75 8.82 8.69 24271.74 2129 0.00% 0.03 0.34%
20210521 8.84 8.72 8.85 8.67 26139.66 2281 0.00% -0.06 -0.68%
20210520 8.7 8.78 8.83 8.66 26821.39 2343 0.00% 0.06 0.69%
20210519 8.69 8.72 8.76 8.64 21378.01 1859 0.00% 0.05 0.58%
20210518 8.65 8.67 8.74 8.64 15124.97 1314 0.00% 0.01 0.12%
20210517 8.79 8.66 8.9 8.65 40687.86 3558 0.00% -0.20 -2.26%
20210514 8.63 8.86 8.87 8.6 50415.59 4432 0.00% 0.23 2.67%
20210513 8.68 8.63 8.74 8.61 20436.93 1772 0.00% -0.11 -1.26%
20210512 8.81 8.74 8.81 8.65 27673.85 2410 0.00% -0.09 -1.02%
20210511 8.65 8.83 8.86 8.57 31355.11 2750 0.00% 0.18 2.08%
20210510 8.68 8.65 8.79 8.6 16393.43 1420 0.00% -0.03 -0.35%
20210507 8.6 8.68 8.8 8.55 21760.71 1894 0.00% 0.08 0.93%
20210506 8.56 8.6 8.67 8.51 15282.73 1312 0.00% 0.07 0.82%
20210430 8.61 8.53 8.69 8.51 19602.19 1680 0.00% -0.11 -1.27%
20210429 8.55 8.64 8.8 8.48 20099.98 1740 0.00% 0.09 1.05%
20210428 8.64 8.55 8.68 8.51 16382.10 1402 0.00% -0.08 -0.93%
20210427 8.69 8.63 8.78 8.57 22568.86 1949 0.00% -0.07 -0.80%
20210426 8.71 8.7 8.85 8.69 23212.82 2037 0.00% -0.03 -0.34%
20210423 8.78 8.73 8.79 8.7 15214.77 1329 0.00% -0.09 -1.02%
20210422 8.93 8.82 8.97 8.8 16469.83 1457 0.00% -0.09 -1.01%
20210421 8.96 8.91 8.97 8.86 13688.70 1218 0.00% 0.00 0.00%
20210420 8.97 8.91 9.08 8.91 27116.00 2433 0.00% -0.06 -0.67%
20210419 8.82 8.97 9.0 8.79 38059.02 3399 0.00% 0.14 1.59%
20210416 8.72 8.83 8.87 8.71 18780.01 1655 0.00% 0.09 1.03%
20210415 8.78 8.74 8.79 8.66 13735.55 1196 0.00% -0.04 -0.46%
20210414 8.67 8.78 8.83 8.61 19935.55 1741 0.00% 0.16 1.86%
20210413 8.68 8.62 8.7 8.56 16553.73 1426 0.00% -0.07 -0.81%
20210412 8.71 8.69 8.77 8.65 16779.72 1460 0.00% -0.06 -0.69%
20210409 8.8 8.75 8.81 8.72 16956.76 1486 0.00% -0.01 -0.11%
20210408 8.78 8.76 8.87 8.76 18513.54 1629 0.00% -0.08 -0.90%
20210407 8.89 8.84 8.89 8.75 19443.84 1713 0.00% 0.00 0.00%
20210406 8.72 8.84 8.85 8.72 21069.70 1853 0.00% 0.12 1.38%
20210402 8.84 8.72 8.84 8.69 19843.00 1732 0.00% -0.07 -0.80%
20210401 8.72 8.79 8.82 8.67 16114.50 1411 0.00% 0.08 0.92%
20210331 8.75 8.71 8.79 8.6 28046.46 2439 0.00% -0.07 -0.80%
20210330 8.87 8.78 8.9 8.71 24120.72 2117 0.00% -0.06 -0.68%
20210329 8.9 8.84 8.98 8.82 30778.17 2734 0.00% -0.08 -0.90%
20210326 8.9 8.92 8.99 8.8 23089.03 2057 0.00% 0.02 0.22%
20210325 8.98 8.9 9.06 8.86 30339.04 2712 0.00% -0.12 -1.33%
20210324 8.91 9.02 9.13 8.91 50990.96 4603 0.00% 0.06 0.67%
20210323 9.0 8.96 9.01 8.84 27306.22 2439 0.00% -0.01 -0.11%
20210322 8.85 8.97 8.98 8.8 28708.01 2560 0.00% 0.09 1.01%
20210319 9.02 8.88 9.08 8.86 23123.23 2073 0.00% -0.10 -1.11%
20210318 8.96 8.98 9.09 8.89 28960.53 2603 0.00% 0.05 0.56%
20210317 8.97 8.93 9.0 8.89 29813.00 2662 0.00% -0.04 -0.45%
20210316 8.88 8.97 9.0 8.76 26890.00 2393 0.00% 0.13 1.47%
20210315 8.88 8.84 8.94 8.75 22163.00 1961 0.00% -0.02 -0.23%
20210312 8.74 8.86 8.9 8.65 29559.00 2590 0.00% 0.14 1.61%
20210311 8.72 8.72 8.8 8.58 25395.18 2208 0.00% 0.08 0.93%
