日期 开盘价 收盘价 最高价 最低价 成交量（手） 成交额（万元） 换手率 涨跌额 涨跌幅（%）
20211108 19.85 19.35 20.08 19.18 1924659.03 375348 0.00% -0.75 -3.73%
20211105 20.79 20.1 20.95 20.1 2973987.70 609841 0.00% -0.46 -2.24%
20211104 18.93 20.56 20.56 18.7 3025896.23 608129 0.00% 1.87 10.01%
20211103 18.68 18.69 19.98 18.19 2512167.24 474024 0.00% -0.06 -0.32%
20211102 18.06 18.75 19.46 17.6 2847665.29 533379 0.00% 0.55 3.02%
20211101 17.95 18.2 18.77 17.82 2276527.10 415923 0.00% -0.33 -1.78%
20211029 18.4 18.53 18.88 17.56 2469010.47 449329 0.00% -0.16 -0.86%
20211028 18.5 18.69 19.28 18.26 3431504.09 642943 0.00% 0.35 1.91%
20211027 17.16 18.34 18.34 16.99 2062634.85 367621 0.00% 1.67 10.02%
20211026 16.93 16.67 17.16 16.53 1233665.10 207676 0.00% 0.08 0.48%
20211025 16.22 16.59 16.86 16.12 1285538.14 213637 0.00% 0.50 3.11%
20211022 16.51 16.09 16.52 16.09 922395.29 149900 0.00% -0.51 -3.07%
20211021 16.75 16.6 16.87 16.43 968647.16 160918 0.00% -0.20 -1.19%
20211020 16.28 16.8 17.12 16.13 1598002.84 269561 0.00% 0.43 2.63%
20211019 16.15 16.37 16.63 16.15 935174.54 153363 0.00% -0.08 -0.49%
20211018 16.3 16.45 16.8 16.2 1529173.37 252116 0.00% 0.65 4.11%
20211015 15.8 15.8 16.04 15.37 1110556.78 174764 0.00% -0.18 -1.13%
20211014 15.46 15.98 16.4 15.21 1293321.24 206124 0.00% 0.53 3.43%
20211013 15.3 15.45 15.57 15.11 855377.42 131434 0.00% 0.07 0.46%
20211012 15.79 15.38 16.24 14.96 1491196.17 230510 0.00% -0.56 -3.51%
20211011 16.2 15.94 16.47 15.78 1058904.02 170816 0.00% -0.29 -1.79%
20211008 17.59 16.23 17.66 16.05 1831234.36 303335 0.00% -1.16 -6.67%
20210930 17.66 17.39 17.93 16.55 1986704.52 343037 0.00% -0.27 -1.53%
20210929 17.83 17.66 18.75 17.6 2179900.96 396075 0.00% -0.34 -1.89%
20210928 17.11 18.0 18.39 16.99 2155499.68 382651 0.00% 1.12 6.64%
20210927 17.99 16.88 18.11 16.68 1571119.35 269400 0.00% -0.66 -3.76%
20210924 17.02 17.54 17.89 16.66 2465479.50 427132 0.00% 0.30 1.74%
20210923 18.9 17.24 19.18 17.09 3291001.98 588637 0.00% -1.47 -7.86%
20210922 18.0 18.71 19.05 17.6 3019607.10 552878 0.00% -0.24 -1.27%
20210917 18.18 18.95 19.65 18.16 2727838.04 516744 0.00% 0.72 3.95%
20210916 19.0 18.23 19.24 18.0 3132998.10 584509 0.00% -0.67 -3.54%
20210915 16.96 18.9 18.9 16.66 3205805.99 582907 0.00% 1.72 10.01%
20210914 16.98 17.18 17.94 16.37 2222616.69 382881 0.00% 0.33 1.96%
20210913 16.75 16.85 17.32 16.57 1967017.88 333215 0.00% 0.28 1.69%
20210910 16.81 16.57 16.94 16.28 1646038.36 274056 0.00% -0.04 -0.24%
20210909 16.9 16.61 17.1 16.41 2144552.77 357353 0.00% -0.57 -3.32%
20210908 17.36 17.18 18.18 16.84 3686348.47 642542 0.00% 0.12 0.70%
20210907 16.79 17.06 17.06 16.52 2233856.99 375480 0.00% 0.05 0.29%
20210906 17.4 17.01 17.53 16.27 3437013.37 582355 0.00% -0.14 -0.82%
20210903 16.31 17.15 17.15 16.18 5088069.60 861000 0.00% 1.56 10.01%
20210902 14.05 15.59 15.59 14.05 1592497.37 242083 0.00% 1.42 10.02%
20210901 14.5 14.17 14.95 13.85 1308350.98 187911 0.00% -0.42 -2.88%
20210831 14.69 14.59 14.69 14.26 1218049.97 176012 0.00% -0.18 -1.22%
20210830 13.95 14.77 14.79 13.92 1732447.37 251597 0.00% 0.81 5.80%
20210827 13.83 13.96 14.14 13.74 810048.70 112718 0.00% 0.02 0.14%
20210826 14.27 13.94 14.41 13.89 914277.45 128532 0.00% -0.32 -2.24%
20210825 14.13 14.26 14.39 13.98 1022708.31 145178 0.00% 0.13 0.92%
20210824 14.29 14.13 14.4 14.06 1319651.95 187356 0.00% -0.11 -0.77%
20210823 13.79 14.24 14.53 13.75 1768327.08 250952 0.00% 0.59 4.32%
20210820 12.92 13.65 14.14 12.75 1333567.79 181077 0.00% 0.67 5.16%
20210819 13.12 12.98 13.13 12.82 439872.22 57006 0.00% -0.14 -1.07%
20210818 12.77 13.12 13.26 12.77 637087.98 83219 0.00% 0.36 2.82%
20210817 13.2 12.76 13.43 12.7 835229.81 109096 0.00% -0.69 -5.13%
20210816 13.87 13.45 13.88 13.41 754345.36 102198 0.00% -0.44 -3.17%
20210813 13.82 13.89 14.11 13.76 643396.24 89457 0.00% -0.05 -0.36%
20210812 14.2 13.94 14.22 13.88 754416.00 105715 0.00% -0.30 -2.11%
20210811 14.02 14.24 14.32 13.76 1020471.50 143476 0.00% 0.18 1.28%
20210810 13.8 14.06 14.17 13.62 920972.58 128248 0.00% 0.26 1.88%
20210809 14.14 13.8 14.16 13.6 880112.30 121352 0.00% -0.36 -2.54%
20210806 14.2 14.16 14.34 14.02 1019333.60 144212 0.00% -0.15 -1.05%
20210805 14.78 14.31 14.81 14.25 1220303.78 176856 0.00% -0.22 -1.51%
20210804 13.81 14.53 14.55 13.8 1248339.08 178255 0.00% 0.52 3.71%
20210803 14.61 14.01 14.89 13.81 1442034.17 206924 0.00% -0.49 -3.38%
20210802 14.67 14.5 14.91 14.06 1452077.77 209593 0.00% 0.05 0.35%
20210730 13.95 14.45 14.66 13.8 1755361.10 252251 0.00% 0.43 3.07%
20210729 13.38 14.02 14.04 13.19 1447277.25 197127 0.00% 0.88 6.70%
20210728 13.58 13.14 13.73 12.5 1369049.18 180276 0.00% -0.65 -4.71%
20210727 13.62 13.79 14.56 13.4 2164292.38 305358 0.00% 0.17 1.25%
20210726 13.45 13.62 13.73 13.06 1735943.82 233982 0.00% 0.26 1.95%
20210723 12.71 13.36 13.43 12.67 1558202.47 205488 0.00% 0.58 4.54%
20210722 12.61 12.78 12.95 12.41 855839.86 109358 0.00% 0.15 1.19%
20210721 12.44 12.63 12.72 12.37 644648.59 80856 0.00% 0.19 1.53%
20210720 12.48 12.44 12.52 12.29 517604.61 64173 0.00% -0.17 -1.35%
20210719 12.9 12.61 13.0 12.55 668017.92 84860 0.00% -0.19 -1.48%
20210716 12.41 12.8 12.92 12.38 938143.17 119546 0.00% 0.27 2.15%
20210715 12.55 12.53 12.8 12.23 778384.55 97331 0.00% -0.10 -0.79%
20210714 13.05 12.63 13.22 12.6 1106741.97 142162 0.00% -0.34 -2.62%
20210713 12.38 12.97 12.97 12.26 1370363.22 174538 0.00% 0.68 5.53%
20210712 12.42 12.29 12.56 12.28 754459.74 93577 0.00% -0.03 -0.24%
20210709 12.28 12.32 12.34 12.13 551951.78 67541 0.00% 0.04 0.33%
20210708 12.07 12.28 12.48 12.02 797617.08 98073 0.00% 0.22 1.82%
20210707 11.86 12.06 12.16 11.72 556014.62 66638 0.00% 0.19 1.60%
20210706 11.69 11.87 11.94 11.63 357402.65 42239 0.00% 0.18 1.54%
20210705 11.64 11.69 11.86 11.53 362390.28 42208 0.00% 0.00 0.00%
20210702 11.71 11.69 11.94 11.65 411580.43 48355 0.00% -0.04 -0.34%
20210701 12.18 11.73 12.19 11.72 459850.73 54699 0.00% -0.43 -3.54%
20210630 12.24 12.16 12.35 12.06 353812.19 42970 0.00% -0.07 -0.57%
20210629 12.18 12.23 12.47 12.15 455409.84 56045 0.00% 0.05 0.41%
20210628 12.36 12.18 12.45 12.06 539796.73 65788 0.00% -0.19 -1.54%
20210625 12.37 12.37 12.57 12.19 630157.11 77985 0.00% -0.01 -0.08%
20210624 12.06 12.38 12.53 12.05 940148.62 115996 0.00% 0.32 2.65%
20210623 12.01 12.06 12.26 12.01 542105.18 65786 0.00% 0.10 0.84%
20210622 11.99 11.96 12.12 11.79 487782.92 58313 0.00% 0.00 0.00%
20210621 11.66 11.96 12.14 11.56 654912.96 77956 0.00% 0.48 4.18%
20210618 11.5 11.48 11.57 11.44 260301.67 29895 0.00% -0.04 -0.35%
20210617 11.48 11.52 11.64 11.42 225923.08 26011 0.00% 0.03 0.26%
20210616 11.7 11.49 11.75 11.46 339999.01 39349 0.00% -0.23 -1.96%
20210615 11.89 11.72 12.13 11.69 422190.59 50028 0.00% -0.18 -1.51%
20210611 12.1 11.9 12.1 11.82 460532.02 55084 0.00% -0.22 -1.82%
20210610 11.9 12.12 12.24 11.88 592134.62 71864 0.00% 0.20 1.68%
20210609 11.84 11.92 11.97 11.76 301541.49 35863 0.00% 0.08 0.68%
20210608 11.77 11.84 11.92 11.72 281479.13 33244 0.00% 0.09 0.77%
20210607 11.76 11.75 11.87 11.7 259494.62 30527 0.00% 0.01 0.09%
20210604 11.68 11.74 11.86 11.56 330724.32 38776 0.00% 0.03 0.26%
20210603 12.0 11.71 12.05 11.71 533339.02 63140 0.00% -0.38 -3.14%
20210602 12.08 12.09 12.31 12.05 443899.27 53991 0.00% 0.02 0.17%
20210601 12.18 12.07 12.18 11.96 428041.01 51550 0.00% -0.15 -1.23%
20210531 12.18 12.22 12.27 12.09 443796.12 54116 0.00% 0.09 0.74%
20210528 12.2 12.13 12.31 12.06 669821.33 81461 0.00% -0.27 -2.18%
20210527 11.95 12.4 12.67 11.91 967459.92 119210 0.00% 0.46 3.85%
20210526 11.98 11.94 12.03 11.88 333288.15 39829 0.00% -0.06 -0.50%
20210525 11.84 12.0 12.05 11.67 495802.33 59026 0.00% 0.15 1.27%
20210524 11.85 11.85 11.88 11.61 317129.00 37275 0.00% 0.07 0.59%
20210521 11.98 11.78 12.14 11.75 440894.83 52662 0.00% -0.11 -0.93%
20210520 11.98 11.89 12.08 11.82 485897.08 57922 0.00% 0.10 0.85%
20210519 11.77 11.79 11.83 11.66 321677.44 37810 0.00% 0.10 0.86%
20210518 11.71 11.69 11.76 11.51 361008.50 41943 0.00% -0.09 -0.76%
20210517 11.66 11.78 11.87 11.58 443332.16 52126 0.00% 0.12 1.03%
20210514 11.37 11.66 11.7 11.3 493046.42 56982 0.00% 0.30 2.64%
20210513 11.69 11.36 11.77 11.35 714976.88 82294 0.00% -0.48 -4.05%
20210512 12.16 11.84 12.16 11.77 642476.77 76505 0.00% -0.38 -3.11%
20210511 12.17 12.22 12.24 12.06 305588.68 37148 0.00% -0.10 -0.81%
20210510 12.23 12.32 12.49 12.12 372771.23 45957 0.00% 0.13 1.07%
20210507 12.14 12.19 12.35 12.02 377019.06 46024 0.00% 0.06 0.49%
20210506 12.01 12.13 12.26 11.95 318555.54 38612 0.00% -0.06 -0.49%
20210430 12.37 12.19 12.48 12.15 437805.16 53700 0.00% -0.15 -1.22%
20210429 12.28 12.34 12.41 12.15 282652.49 34803 0.00% 0.01 0.08%
20210428 12.41 12.33 12.43 12.21 391137.68 48182 0.00% 0.08 0.65%
20210427 13.1 12.25 13.1 12.21 992459.23 123757 0.00% -0.85 -6.49%
20210426 13.34 13.1 13.39 13.0 505619.91 66728 0.00% -0.18 -1.36%
20210423 13.17 13.28 13.47 13.06 426784.44 56756 0.00% 0.14 1.07%
20210422 13.2 13.14 13.29 13.1 282499.03 37211 0.00% 0.01 0.08%
20210421 13.29 13.13 13.37 13.08 346423.37 45629 0.00% -0.27 -2.01%
20210420 13.44 13.4 13.53 13.28 426018.61 57016 0.00% -0.06 -0.45%
20210419 13.19 13.46 13.53 13.16 579558.28 77525 0.00% 0.31 2.36%
20210416 12.99 13.15 13.16 12.95 328759.85 42982 0.00% 0.12 0.92%
20210415 13.0 13.03 13.1 12.79 373487.68 48185 0.00% -0.07 -0.53%
20210414 13.09 13.1 13.27 13.02 368458.13 48366 0.00% 0.04 0.31%
20210413 13.1 13.06 13.22 12.89 354569.87 46372 0.00% -0.01 -0.08%
20210412 13.52 13.07 13.59 12.98 653257.28 86484 0.00% -0.52 -3.83%
20210409 13.77 13.59 13.79 13.49 511212.87 69505 0.00% -0.27 -1.95%
20210408 13.94 13.86 13.95 13.68 506353.73 69995 0.00% -0.19 -1.35%
20210407 14.13 14.05 14.22 13.85 554404.76 77595 0.00% -0.07 -0.50%
20210406 14.03 14.12 14.29 13.95 519100.16 73362 0.00% 0.13 0.93%
20210402 14.2 13.99 14.2 13.84 638797.12 89219 0.00% -0.21 -1.48%
20210401 14.19 14.2 14.33 14.07 659348.12 93594 0.00% 0.03 0.21%
20210331 14.19 14.17 14.3 14.03 763190.91 107947 0.00% -0.11 -0.77%
20210330 14.72 14.28 14.77 13.98 1327191.09 188903 0.00% -0.49 -3.32%
20210329 14.91 14.77 15.33 14.6 1941345.69 290416 0.00% 0.13 0.89%
20210326 13.45 14.64 14.64 13.44 1685369.77 242467 0.00% 1.33 9.99%
20210325 13.45 13.31 13.45 13.01 482965.16 64018 0.00% -0.25 -1.84%
20210324 13.55 13.56 13.95 13.45 476567.25 65202 0.00% -0.10 -0.73%
20210323 14.14 13.66 14.16 13.5 809400.60 111228 0.00% -0.57 -4.01%
20210322 13.58 14.23 14.35 13.51 1008029.86 142230 0.00% 0.62 4.56%
20210319 13.3 13.61 14.08 13.23 753867.76 103210 0.00% 0.03 0.22%
20210318 13.5 13.58 13.6 13.35 425407.23 57360 0.00% 0.05 0.37%
20210317 13.61 13.53 13.78 13.23 443055.01 59800 0.00% -0.18 -1.31%
20210316 13.62 13.71 13.85 13.48 471842.49 64470 0.00% 0.10 0.73%
20210315 13.59 13.61 13.82 13.37 554637.62 75178 0.00% -0.05 -0.37%
20210312 13.8 13.66 13.86 13.37 733792.66 99998 0.00% 0.33 2.48%
20210311 13.09 13.33 13.48 13.02 581689.65 77202 0.00% 0.33 2.54%
