日期 开盘价 收盘价 最高价 最低价 成交量（手） 成交额（万元） 换手率 涨跌额 涨跌幅（%）
20211108 13.85 14.07 14.18 13.85 3040.00 427 0.00% 0.12 0.86%
20211105 13.77 13.95 13.95 13.61 3578.00 496 0.00% 0.18 1.31%
20211104 13.65 13.77 13.79 13.49 2966.00 406 0.00% 0.24 1.77%
20211103 13.58 13.53 13.7 13.24 6073.10 818 0.00% 0.01 0.07%
20211102 13.69 13.52 13.71 13.28 6291.32 850 0.00% -0.20 -1.46%
20211101 14.04 13.72 14.22 13.64 6749.90 927 0.00% -0.29 -2.07%
20211029 13.85 14.01 14.07 13.62 4333.95 600 0.00% 0.26 1.89%
20211028 13.81 13.75 13.96 13.56 3777.00 520 0.00% -0.22 -1.57%
20211027 13.72 13.97 14.1 13.64 4309.11 597 0.00% 0.09 0.65%
20211026 13.92 13.88 13.97 13.68 4150.00 573 0.00% -0.10 -0.72%
20211025 14.0 13.98 14.2 13.9 4879.00 682 0.00% -0.15 -1.06%
20211022 14.49 14.13 14.49 13.97 3470.32 491 0.00% -0.17 -1.19%
20211021 14.67 14.3 14.7 14.25 4952.10 715 0.00% -0.48 -3.25%
20211020 14.67 14.78 14.89 14.56 4556.16 670 0.00% 0.11 0.75%
20211019 14.88 14.67 15.0 14.65 4069.00 602 0.00% -0.06 -0.41%
20211018 14.86 14.73 14.95 14.67 3838.00 566 0.00% -0.28 -1.87%
20211015 14.88 15.01 15.13 14.6 12501.00 1857 0.00% -0.16 -1.05%
20211014 15.1 15.17 15.28 15.0 5378.88 815 0.00% 0.04 0.26%
20211013 14.98 15.13 15.26 14.92 5445.00 823 0.00% 0.03 0.20%
20211012 15.12 15.1 15.18 14.85 5919.34 890 0.00% 0.02 0.13%
20211011 14.85 15.08 15.2 14.54 13636.01 2038 0.00% 0.24 1.62%
20211008 13.89 14.84 14.93 13.89 16998.14 2487 0.00% 0.96 6.92%
20210930 13.14 13.88 13.93 13.14 9511.00 1287 0.00% 0.58 4.36%
20210929 13.7 13.3 13.7 13.15 9494.00 1267 0.00% -0.44 -3.20%
20210928 13.92 13.74 13.92 13.65 3491.10 479 0.00% -0.26 -1.86%
20210927 14.33 14.0 14.48 13.59 6937.00 968 0.00% -0.33 -2.30%
20210924 14.26 14.33 14.41 14.04 5986.10 850 0.00% 0.02 0.14%
20210923 14.16 14.31 14.49 14.06 3787.01 542 0.00% 0.10 0.70%
20210922 14.14 14.21 14.35 13.92 4032.00 573 0.00% 0.03 0.21%
20210917 14.16 14.18 14.35 13.9 7023.63 989 0.00% 0.08 0.57%
20210916 14.5 14.1 14.6 14.02 8769.62 1254 0.00% -0.40 -2.76%
20210915 14.31 14.5 15.88 14.1 17946.00 2621 0.00% 0.06 0.42%
20210914 14.75 14.44 14.87 14.39 9608.00 1397 0.00% -0.30 -2.04%
20210913 14.6 14.74 14.88 14.3 6943.00 1015 0.00% 0.22 1.52%
20210910 14.71 14.52 14.79 14.45 5824.00 850 0.00% -0.18 -1.22%
20210909 14.83 14.7 14.83 14.6 6426.46 945 0.00% -0.13 -0.88%
20210908 15.07 14.83 15.2 14.67 11436.00 1695 0.00% -0.24 -1.59%
20210907 14.61 15.07 15.62 14.47 12225.54 1847 0.00% 0.49 3.36%
20210906 14.58 14.58 14.68 14.39 3633.00 527 0.00% 0.06 0.41%
20210903 14.72 14.52 14.81 14.3 10153.46 1473 0.00% -0.15 -1.02%
20210902 14.66 14.67 14.85 14.49 7122.64 1046 0.00% 0.06 0.41%
20210901 14.68 14.61 14.73 14.36 7364.23 1071 0.00% -0.07 -0.48%
20210831 14.98 14.68 14.98 14.32 9762.48 1425 0.00% -0.17 -1.14%
20210830 15.35 14.85 15.5 14.76 21470.45 3231 0.00% -0.47 -3.07%
20210827 16.62 15.32 17.08 15.19 33082.01 5314 0.00% -1.41 -8.43%
20210826 16.16 16.73 16.94 15.9 26339.31 4361 0.00% 0.66 4.11%
20210825 15.36 16.07 16.19 15.35 17438.40 2775 0.00% 0.71 4.62%
20210824 15.59 15.36 15.64 15.15 12640.51 1943 0.00% -0.25 -1.60%
20210823 15.9 15.61 16.3 15.53 14583.07 2298 0.00% -0.34 -2.13%
20210820 16.39 15.95 16.4 15.85 8321.40 1329 0.00% -0.44 -2.68%
20210819 16.2 16.39 16.6 15.89 8380.88 1365 0.00% 0.12 0.74%
20210818 15.85 16.27 16.3 15.7 7450.21 1201 0.00% 0.42 2.65%
20210817 16.48 15.85 16.54 15.75 9706.01 1564 0.00% -0.65 -3.94%
20210816 16.43 16.5 16.7 16.26 9371.01 1544 0.00% -0.02 -0.12%
20210813 16.6 16.52 16.8 16.32 6117.01 1010 0.00% 0.02 0.12%
20210812 16.68 16.5 16.9 16.39 6709.56 1109 0.00% -0.18 -1.08%
20210811 16.85 16.68 16.99 16.6 6349.00 1062 0.00% -0.32 -1.88%
20210810 16.61 17.0 17.17 16.51 10523.37 1779 0.00% 0.30 1.80%
20210809 16.66 16.7 16.79 16.54 6245.00 1040 0.00% 0.01 0.06%
20210806 16.92 16.69 17.5 16.22 27590.07 4681 0.00% -0.23 -1.36%
20210805 16.15 16.92 16.98 16.06 17142.00 2859 0.00% 0.72 4.44%
20210804 16.3 16.2 16.54 16.05 11905.00 1930 0.00% -0.19 -1.16%
20210803 15.98 16.39 16.55 15.98 15158.93 2476 0.00% 0.34 2.12%
20210802 15.19 16.05 16.23 14.83 17490.09 2728 0.00% 0.82 5.38%
20210730 15.21 15.23 15.77 14.81 11821.69 1779 0.00% 0.27 1.80%
20210729 15.32 14.96 15.48 14.7 9523.00 1433 0.00% -0.35 -2.29%
20210728 15.53 15.31 15.53 14.5 8666.55 1316 0.00% -0.35 -2.23%
20210727 15.91 15.66 16.11 15.58 6197.00 977 0.00% -0.34 -2.12%
20210726 15.67 16.0 16.08 15.39 10419.55 1637 0.00% 0.31 1.98%
20210723 16.02 15.69 16.02 15.43 9747.93 1527 0.00% -0.34 -2.12%
20210722 16.06 16.03 16.17 15.78 9243.00 1475 0.00% -0.09 -0.56%
20210721 15.74 16.12 16.2 15.29 9380.00 1501 0.00% 0.49 3.13%
20210720 15.54 15.63 15.85 15.28 11115.18 1722 0.00% -0.03 -0.19%
20210719 16.36 15.66 16.36 15.51 13222.07 2076 0.00% -0.61 -3.75%
20210716 17.23 16.27 17.23 16.17 17581.83 2918 0.00% -1.05 -6.06%
20210715 17.3 17.32 17.35 16.85 10570.96 1808 0.00% -0.03 -0.17%
20210714 17.5 17.35 18.08 17.14 12218.08 2132 0.00% -0.10 -0.57%
20210713 16.8 17.45 17.6 16.74 14275.21 2450 0.00% 0.65 3.87%
20210712 17.05 16.8 17.24 16.8 8732.00 1483 0.00% -0.35 -2.04%
20210709 16.95 17.15 17.32 16.7 10849.21 1852 0.00% 0.38 2.27%
20210708 17.41 16.77 17.41 16.7 11834.00 1997 0.00% -0.41 -2.39%
20210707 17.28 17.18 17.64 17.03 11834.00 2048 0.00% 0.00 0.00%
20210706 17.52 17.18 17.61 17.02 12883.15 2216 0.00% -0.34 -1.94%
20210705 17.65 17.52 17.92 17.4 18421.21 3237 0.00% -0.41 -2.29%
20210702 17.82 17.93 18.35 16.66 40651.07 7139 0.00% -0.15 -0.83%
20210701 17.9 18.08 18.35 17.61 20479.00 3686 0.00% 0.14 0.78%
20210630 17.79 17.94 18.35 17.58 28288.21 5103 0.00% 0.34 1.93%
20210629 17.79 17.6 17.79 17.38 13692.41 2399 0.00% -0.05 -0.28%
20210628 18.0 17.65 18.35 17.61 15354.23 2732 0.00% -0.32 -1.78%
20210625 17.66 17.97 17.97 17.41 16108.00 2849 0.00% 0.26 1.47%
20210624 17.8 17.71 17.96 17.25 16455.10 2887 0.00% 0.03 0.17%
20210623 17.84 17.68 17.94 17.43 15985.38 2835 0.00% 0.11 0.63%
20210622 17.96 17.57 18.55 17.48 34838.97 6273 0.00% 0.00 0.00%
20210621 15.77 17.57 17.57 15.77 29596.98 4969 0.00% 1.60 10.02%
20210618 15.58 15.97 16.2 15.21 34643.83 5491 0.00% 0.21 1.33%
20210617 17.51 15.76 17.95 15.76 68141.69 11090 0.00% -1.75 -9.99%
20210616 17.18 17.51 17.68 17.0 20843.56 3631 0.00% 0.29 1.68%
20210615 17.17 17.22 17.97 17.09 24402.16 4277 0.00% 0.05 0.29%
20210611 17.1 17.17 17.28 17.0 15110.76 2585 0.00% 0.03 0.18%
20210610 17.54 17.14 17.55 17.0 22940.80 3939 0.00% -0.45 -2.56%
20210609 17.4 17.59 17.97 16.94 53293.60 9298 0.00% 0.20 1.15%
20210608 18.7 17.39 18.7 17.35 62024.62 11150 0.00% -1.11 -6.00%
20210607 19.66 18.5 20.58 17.69 76509.16 14216 0.00% -1.16 -5.90%
20210604 19.89 19.66 19.99 19.58 24130.17 4765 0.00% -0.27 -1.35%
20210603 20.09 19.93 20.19 19.8 13866.16 2775 0.00% -0.13 -0.65%
20210602 19.62 20.06 20.62 19.62 21853.56 4420 0.00% 0.27 1.36%
20210601 19.45 19.79 19.97 19.2 17803.80 3487 0.00% 0.00 0.00%
20210531 18.93 19.79 19.86 18.93 21697.80 4241 0.00% 0.86 4.54%
20210528 18.69 18.93 19.01 18.46 15128.11 2833 0.00% 0.22 1.18%
20210527 18.76 18.71 19.37 18.66 15362.28 2909 0.00% -0.05 -0.27%
20210526 17.7 18.76 18.86 17.7 19715.76 3645 0.00% 1.02 5.75%
20210525 17.74 17.74 18.0 17.58 8851.89 1572 0.00% -0.13 -0.73%
20210524 17.88 17.87 18.24 17.72 13304.93 2391 0.00% -0.01 -0.06%
20210521 17.15 17.88 17.95 16.98 22632.89 4010 0.00% 0.73 4.26%
20210520 17.4 17.15 17.67 16.85 17810.14 3062 0.00% -0.30 -1.72%
20210519 17.18 17.45 17.92 17.18 27678.15 4890 0.00% 0.45 2.65%
20210518 16.87 17.0 17.15 16.53 20185.33 3406 0.00% 0.22 1.31%
20210517 16.99 16.78 17.18 16.71 18989.08 3216 0.00% -0.26 -1.53%
20210514 17.66 17.04 17.68 16.97 21803.00 3751 0.00% -0.62 -3.51%
20210513 16.92 17.66 17.93 16.91 20381.66 3575 0.00% 0.83 4.93%
20210512 16.8 16.83 17.3 16.51 15612.00 2642 0.00% -0.18 -1.06%
20210511 16.88 17.01 17.05 16.53 25524.44 4284 0.00% 0.31 1.86%
20210510 15.85 16.7 16.86 15.66 24302.68 4011 0.00% 0.86 5.43%
20210507 15.4 15.84 16.09 15.2 12319.93 1937 0.00% 0.45 2.92%
20210506 14.8 15.39 15.47 14.79 11467.41 1746 0.00% 0.53 3.57%
20210430 15.06 14.86 15.08 14.52 8100.00 1193 0.00% -0.08 -0.54%
20210429 14.86 14.94 15.5 14.8 14219.93 2149 0.00% 0.17 1.15%
20210428 14.76 14.77 14.9 14.49 8504.00 1252 0.00% 0.01 0.07%
20210427 14.29 14.76 14.89 14.21 13349.30 1946 0.00% 0.31 2.15%
20210426 14.57 14.45 15.18 14.43 24009.41 3550 0.00% -0.03 -0.21%
20210423 13.73 14.48 14.65 13.64 24185.41 3454 0.00% 0.75 5.46%
20210422 13.6 13.73 13.77 13.6 5656.09 773 0.00% 0.06 0.44%
20210421 13.49 13.67 13.77 13.49 3390.09 464 0.00% 0.02 0.15%
20210420 13.82 13.65 13.82 13.61 3492.19 478 0.00% -0.08 -0.58%
20210419 13.63 13.73 13.79 13.49 6256.41 859 0.00% 0.10 0.73%
20210416 13.5 13.63 13.68 13.44 6746.58 918 0.00% 0.03 0.22%
20210415 13.6 13.6 13.63 13.39 2930.00 396 0.00% 0.07 0.52%
20210414 13.56 13.53 13.67 13.45 5702.00 771 0.00% -0.04 -0.29%
20210413 13.64 13.57 13.73 13.46 6325.32 860 0.00% -0.14 -1.02%
20210412 13.42 13.71 13.73 13.16 12706.12 1709 0.00% 0.24 1.78%
20210409 13.96 13.47 13.96 13.44 22477.00 3072 0.00% -0.53 -3.79%
20210408 13.98 14.0 14.35 13.82 15779.41 2228 0.00% 0.02 0.14%
20210407 13.51 13.98 14.06 13.41 12705.42 1760 0.00% 0.43 3.17%
20210406 13.32 13.55 13.63 13.23 5401.00 728 0.00% 0.25 1.88%
20210402 13.06 13.3 13.35 12.88 7037.04 919 0.00% 0.25 1.92%
20210401 12.98 13.05 13.13 12.88 4510.01 586 0.00% 0.01 0.08%
20210331 13.17 13.04 13.28 12.95 8864.00 1157 0.00% -0.12 -0.91%
20210330 13.29 13.16 13.29 13.06 3997.01 525 0.00% -0.09 -0.68%
20210329 13.32 13.25 13.45 13.01 6907.00 910 0.00% -0.07 -0.53%
20210326 13.39 13.32 13.46 13.29 6179.00 825 0.00% -0.07 -0.52%
20210325 13.14 13.39 13.4 13.14 5397.01 718 0.00% 0.16 1.21%
20210324 13.4 13.23 13.47 13.1 7482.00 996 0.00% -0.19 -1.42%
20210323 13.51 13.42 13.57 13.3 8371.00 1122 0.00% -0.16 -1.18%
20210322 13.79 13.58 13.98 13.42 9726.00 1327 0.00% -0.23 -1.67%
20210319 13.9 13.81 14.15 13.7 11393.00 1584 0.00% -0.14 -1.00%
20210318 13.8 13.95 14.26 13.79 9809.00 1376 0.00% 0.05 0.36%
20210317 13.5 13.9 14.09 13.49 9731.40 1345 0.00% 0.42 3.12%
20210316 13.15 13.48 13.54 13.15 4018.00 539 0.00% 0.22 1.66%
20210315 13.37 13.26 13.46 13.14 3984.00 531 0.00% -0.07 -0.53%
20210312 13.17 13.33 13.34 13.06 3325.00 440 0.00% 0.13 0.98%
20210311 12.93 13.2 13.23 12.91 2963.40 388 0.00% 0.21 1.62%
