日期 开盘价 收盘价 最高价 最低价 成交量（手） 成交额（万元） 换手率 涨跌额 涨跌幅（%）
20211108 70.63 70.44 70.96 69.8 149609.96 105145 0.00% -0.31 -0.44%
20211105 70.31 70.75 71.81 69.79 186306.32 132193 0.00% 0.03 0.04%
20211104 70.0 70.72 71.24 69.49 236740.66 166724 0.00% 1.40 2.02%
20211103 70.03 69.32 71.5 69.32 221362.90 155021 0.00% -1.49 -2.10%
20211102 72.81 70.81 73.39 70.38 339795.98 243085 0.00% -2.00 -2.75%
20211101 71.27 72.81 73.92 70.65 748110.69 543792 0.00% 4.04 5.87%
20211029 67.43 68.77 69.5 67.3 282021.16 193371 0.00% 0.65 0.95%
20211028 66.5 68.12 68.35 66.04 277978.60 187696 0.00% 1.12 1.67%
20211027 69.06 67.0 69.45 67.0 678497.00 459750 0.00% -3.02 -4.31%
20211026 71.75 70.02 71.98 70.02 396448.10 279822 0.00% -2.38 -3.29%
20211025 73.99 72.4 74.3 71.6 430581.06 312440 0.00% -2.10 -2.82%
20211022 69.97 74.5 75.0 69.95 819479.36 603029 0.00% 4.82 6.92%
20211021 68.28 69.68 69.79 68.04 205973.02 141697 0.00% 1.61 2.37%
20211020 70.0 68.07 70.5 68.02 302766.09 207454 0.00% -1.81 -2.59%
20211019 69.31 69.88 70.46 69.05 181044.97 126516 0.00% 0.26 0.37%
20211018 71.0 69.62 71.0 69.0 219018.73 152456 0.00% -1.38 -1.94%
20211015 71.0 71.0 71.78 70.36 204251.07 144769 0.00% 0.87 1.24%
20211014 71.03 70.13 71.62 69.65 162333.58 114345 0.00% -0.87 -1.23%
20211013 72.0 71.0 72.22 70.25 160558.90 113932 0.00% -0.62 -0.87%
20211012 71.11 71.62 72.58 70.08 215990.19 154873 0.00% 0.54 0.76%
20211011 72.7 71.08 73.1 71.08 234492.47 168357 0.00% -1.42 -1.96%
20211008 70.2 72.5 72.58 69.75 416133.73 298769 0.00% 2.90 4.17%
20210930 70.27 69.6 71.13 69.5 218791.16 153724 0.00% -0.67 -0.95%
20210929 69.95 70.27 70.9 69.28 295308.20 207548 0.00% 0.00 0.00%
20210928 68.07 70.27 70.5 67.31 347514.38 242415 0.00% 1.57 2.29%
20210927 67.19 68.7 70.39 66.77 332664.60 229214 0.00% 1.50 2.23%
20210924 66.5 67.2 68.2 66.09 273724.09 184175 0.00% 0.41 0.61%
20210923 66.76 66.79 67.1 66.0 199430.38 132753 0.00% 0.71 1.07%
20210922 67.0 66.08 67.3 65.88 239677.87 158917 0.00% -2.18 -3.19%
20210917 66.36 68.26 68.28 66.09 260977.37 175792 0.00% 2.31 3.50%
20210916 66.52 65.95 67.18 65.8 294662.22 195296 0.00% -0.57 -0.86%
20210915 68.01 66.52 68.42 65.8 396306.58 265285 0.00% -1.91 -2.79%
20210914 71.0 68.43 71.4 68.21 307033.35 213202 0.00% -2.55 -3.59%
20210913 72.32 70.98 72.69 70.73 212937.72 151972 0.00% -1.42 -1.96%
20210910 72.02 72.4 73.0 71.1 210795.81 152088 0.00% 0.38 0.53%
20210909 72.72 72.02 73.35 71.23 223508.46 161124 0.00% -0.70 -0.96%
20210908 73.0 72.72 73.65 72.21 266823.59 194597 0.00% -0.30 -0.41%
20210907 72.7 73.02 73.93 71.81 389370.22 285201 0.00% 0.90 1.25%
20210906 70.12 72.12 73.24 70.11 396106.16 285387 0.00% 2.08 2.97%
20210903 68.97 70.04 70.13 68.2 286807.84 199582 0.00% 0.85 1.23%
20210902 69.58 69.19 69.58 67.85 427612.83 293029 0.00% 0.04 0.06%
20210901 66.51 69.15 69.85 65.18 541204.72 368860 0.00% 3.15 4.77%
20210831 65.9 66.0 67.89 65.26 319641.02 212002 0.00% 0.02 0.03%
20210830 67.95 65.98 68.11 65.31 453444.20 299077 0.00% -1.82 -2.68%
20210827 67.93 67.8 68.98 67.38 245560.80 167033 0.00% -0.13 -0.19%
20210826 69.14 67.93 69.65 67.51 305609.14 208285 0.00% -1.22 -1.76%
20210825 70.1 69.15 70.7 69.0 253518.79 176134 0.00% -1.35 -1.91%
20210824 70.2 70.5 71.15 68.18 387440.22 270093 0.00% -0.11 -0.16%
20210823 71.7 70.61 72.55 70.13 242164.01 171554 0.00% -1.39 -1.93%
20210820 70.99 72.0 72.49 69.79 301298.22 214388 0.00% 0.06 0.08%
20210819 74.96 71.94 75.28 71.87 328662.21 240302 0.00% -2.56 -3.44%
20210818 73.39 74.5 75.0 72.7 326173.17 241942 0.00% 1.10 1.50%
20210817 74.98 73.4 75.5 73.11 414103.11 307853 0.00% -1.59 -2.12%
20210816 71.61 74.99 75.45 71.45 663055.82 492583 0.00% 3.38 4.72%
20210813 70.92 71.61 71.98 69.8 303013.04 215301 0.00% 0.69 0.97%
20210812 71.5 70.92 72.47 70.6 305392.65 217674 0.00% -1.01 -1.40%
20210811 72.34 71.93 73.55 71.87 285607.14 207301 0.00% -0.92 -1.26%
20210810 72.1 72.85 72.85 70.83 323715.45 232613 0.00% 0.38 0.52%
20210809 69.6 72.47 73.5 69.37 513619.21 371185 0.00% 2.12 3.01%
20210806 70.0 70.35 71.05 68.05 344817.66 241049 0.00% 0.45 0.64%
20210805 69.45 69.9 71.61 69.09 453382.68 320107 0.00% -0.09 -0.13%
20210804 70.4 69.99 71.68 69.73 426362.29 300070 0.00% -0.93 -1.31%
20210803 65.5 70.92 72.26 65.18 899927.68 622474 0.00% 4.84 7.32%
20210802 63.5 66.08 66.66 62.58 544452.60 355310 0.00% 2.57 4.05%
20210730 63.09 63.51 64.08 61.96 419778.74 264862 0.00% 0.21 0.33%
20210729 64.5 63.3 64.5 62.63 392712.65 248596 0.00% 0.02 0.03%
20210728 61.4 63.28 63.8 61.11 477829.07 299465 0.00% 1.88 3.06%
20210727 64.67 61.4 64.98 61.4 618698.75 389378 0.00% -3.28 -5.07%
20210726 65.58 64.68 66.07 63.87 570128.81 370940 0.00% -2.28 -3.41%
20210723 68.3 66.96 68.88 66.51 424513.36 285191 0.00% -1.34 -1.96%
20210722 67.99 68.3 69.89 66.98 428837.59 295204 0.00% 0.31 0.46%
20210721 69.72 67.99 69.92 67.81 515186.57 352594 0.00% -1.62 -2.33%
20210720 69.66 69.61 70.22 69.01 230947.80 160320 0.00% -0.53 -0.76%
20210719 69.79 70.14 70.3 68.6 305611.68 212489 0.00% 0.44 0.63%
20210716 71.3 69.7 71.3 68.8 456910.25 318054 0.00% -1.47 -2.07%
20210715 72.0 71.17 72.35 70.61 319702.43 227624 0.00% -0.83 -1.15%
20210714 72.45 72.0 72.8 71.56 334055.15 240516 0.00% -0.80 -1.10%
20210713 70.78 72.8 73.33 70.58 474532.41 343009 0.00% 2.10 2.97%
20210712 69.64 70.7 71.5 68.92 404955.49 286015 0.00% 1.50 2.17%
20210709 69.55 69.2 70.58 68.71 290798.30 201660 0.00% -0.80 -1.14%
20210708 70.0 70.0 70.79 68.86 359770.37 250885 0.00% -0.39 -0.55%
20210707 68.95 70.39 71.95 68.61 559597.61 396197 0.00% 1.78 2.59%
20210706 67.66 68.61 69.35 66.81 410636.62 280213 0.00% 0.41 0.60%
20210705 70.28 68.2 70.37 66.78 780811.02 530927 0.00% -2.90 -4.08%
20210702 72.63 71.1 72.75 70.66 403184.36 287326 0.00% -2.14 -2.92%
20210701 71.3 73.24 73.39 70.56 446417.83 322196 0.00% 1.87 2.62%
20210630 71.1 71.37 71.9 70.85 284444.13 202227 0.00% -0.09 -0.13%
20210629 73.78 71.46 73.8 71.24 349799.11 251838 0.00% -1.75 -2.39%
20210628 73.18 73.21 73.9 72.5 306845.68 224050 0.00% 0.04 0.05%
20210625 73.57 73.17 73.78 72.58 412552.01 301908 0.00% -0.03 -0.04%
20210624 74.5 73.2 74.5 72.71 287028.16 210327 0.00% 0.03 0.04%
20210623 71.21 73.17 73.29 70.7 434043.58 313953 0.00% 1.89 2.65%
20210622 71.9 71.28 72.88 70.88 410341.69 294265 0.00% -0.72 -1.00%
20210621 73.82 72.0 73.83 71.17 477386.43 345015 0.00% -1.80 -2.44%
20210618 73.33 73.8 74.21 72.16 388178.63 283131 0.00% 0.34 0.46%
20210617 75.2 73.46 75.33 73.3 299292.38 221420 0.00% -1.54 -2.05%
20210616 73.9 75.0 75.26 73.2 449701.85 335989 0.00% 1.76 2.40%
20210615 73.87 73.24 74.5 72.0 445900.30 324531 0.00% -0.76 -1.03%
20210611 75.4 74.0 75.6 73.51 465213.67 344405 0.00% -1.40 -1.86%
20210610 75.7 75.4 75.94 74.9 320755.63 241946 0.00% -0.19 -0.25%
20210609 76.27 75.59 76.62 75.2 251380.05 190048 0.00% -0.43 -0.57%
20210608 76.9 76.02 77.3 75.63 320893.44 244627 0.00% -0.76 -0.99%
20210607 77.75 76.78 77.77 76.15 277274.99 212418 0.00% -0.95 -1.22%
20210604 77.41 77.73 78.5 76.53 283066.03 219493 0.00% -0.20 -0.26%
20210603 79.5 77.93 79.84 77.48 416690.46 326296 0.00% -1.57 -1.97%
20210602 79.4 79.5 79.5 78.5 342846.54 270629 0.00% -0.67 -0.84%
20210601 80.91 80.17 80.91 79.32 473370.82 377657 0.00% -0.83 -1.02%
20210531 82.7 81.0 82.7 79.74 523951.01 420827 0.00% -1.53 -1.85%
20210528 83.28 82.53 83.29 82.0 387415.14 319683 0.00% -1.37 -1.63%
20210527 84.99 83.9 85.03 83.43 296156.60 248686 0.00% -0.43 -0.51%
20210526 83.9 84.33 84.99 82.45 360381.91 302193 0.00% 1.05 1.26%
20210525 82.97 83.28 84.2 82.34 417467.44 347816 0.00% 1.08 1.31%
20210524 82.63 82.2 83.0 80.95 360149.44 295630 0.00% 0.65 0.80%
20210521 81.1 81.55 83.1 80.87 502224.28 411975 0.00% 0.85 1.05%
20210520 79.0 80.7 80.86 77.57 735330.93 588460 0.00% 3.37 4.36%
20210519 77.05 77.33 77.76 76.5 225052.69 173615 0.00% -0.51 -0.66%
20210518 79.8 77.84 80.0 77.2 268555.15 210635 0.00% -0.56 -0.71%
20210517 77.0 78.4 79.35 76.88 418092.30 327611 0.00% 1.96 2.56%
20210514 75.3 76.44 76.57 73.62 304811.13 229777 0.00% 1.29 1.72%
20210513 76.12 75.15 76.5 75.0 329507.62 248215 0.00% -2.12 -2.74%
20210512 78.9 77.27 78.9 76.45 273410.35 210635 0.00% -1.07 -1.37%
20210511 77.16 78.34 79.0 76.59 273334.64 212713 0.00% 0.34 0.44%
20210510 75.83 78.0 79.2 75.83 549439.86 426579 0.00% 2.92 3.89%
20210507 77.4 75.08 77.55 75.0 437295.14 330841 0.00% -2.48 -3.20%
20210506 78.31 77.56 79.77 77.49 491159.46 384134 0.00% -2.61 -3.26%
20210430 84.7 80.17 84.7 79.8 582377.00 470212 0.00% -3.26 -3.91%
20210429 82.06 83.43 84.25 81.87 298159.63 247403 0.00% 1.88 2.31%
20210428 81.0 81.55 81.7 80.08 179025.75 145269 0.00% 0.83 1.03%
20210427 79.97 80.72 81.63 79.2 190000.53 153169 0.00% 0.69 0.86%
20210426 84.24 80.03 85.0 79.91 418029.19 342484 0.00% -3.83 -4.57%
20210423 80.42 83.86 84.0 80.26 451415.58 374127 0.00% 3.61 4.50%
20210422 79.62 80.25 80.29 79.01 230968.78 184151 0.00% 0.65 0.82%
20210421 80.0 79.6 80.5 79.5 251906.06 201042 0.00% -1.38 -1.70%
20210420 81.08 80.98 81.5 80.03 231533.86 186663 0.00% -0.69 -0.84%
20210419 80.0 81.67 82.11 79.0 267593.56 217580 0.00% 1.77 2.22%
20210416 80.3 79.9 80.6 78.9 153478.18 122257 0.00% -0.38 -0.47%
20210415 80.13 80.28 81.0 78.96 174452.81 139350 0.00% 0.15 0.19%
20210414 78.97 80.13 80.63 78.89 210692.29 168574 0.00% 1.44 1.83%
20210413 78.95 78.69 79.82 78.12 213628.28 168675 0.00% -0.61 -0.77%
20210412 80.3 79.3 81.26 79.0 252774.87 201293 0.00% -1.15 -1.43%
20210409 82.98 80.45 82.98 80.24 322385.56 261050 0.00% -2.23 -2.70%
20210408 82.51 82.68 82.92 81.95 182114.06 150213 0.00% -0.04 -0.05%
20210407 84.38 82.72 84.49 81.88 299774.66 246782 0.00% -1.66 -1.97%
20210406 87.16 84.38 87.7 84.0 257668.40 219098 0.00% -2.73 -3.13%
20210402 85.5 87.11 88.5 84.9 291525.38 254625 0.00% 1.68 1.97%
20210401 82.0 85.43 85.88 81.8 352045.12 298762 0.00% 3.20 3.89%
20210331 82.8 82.23 82.98 81.25 273525.08 224562 0.00% -0.24 -0.29%
20210330 81.86 82.47 83.49 81.11 351971.52 289806 0.00% 1.00 1.23%
20210329 81.96 81.47 82.47 81.0 294535.24 240654 0.00% -0.54 -0.66%
20210326 81.1 82.01 82.5 79.96 310830.20 253334 0.00% 1.33 1.65%
20210325 81.07 80.68 81.5 79.3 247524.83 199061 0.00% -1.00 -1.22%
20210324 81.5 81.68 82.48 81.26 235367.58 192371 0.00% 0.21 0.26%
20210323 83.38 81.47 83.44 81.07 369695.97 302748 0.00% -1.91 -2.29%
20210322 84.99 83.38 85.53 82.3 314092.85 262097 0.00% -1.93 -2.26%
20210319 85.0 85.31 86.6 84.39 305291.85 261007 0.00% -1.40 -1.61%
20210318 84.98 86.71 87.0 84.8 347035.88 298637 0.00% 2.64 3.14%
20210317 82.01 84.07 84.28 81.36 370952.28 308157 0.00% 1.49 1.80%
20210316 82.41 82.58 83.03 81.55 349261.15 287725 0.00% 0.28 0.34%
20210315 84.81 82.3 84.84 81.0 490513.85 403590 0.00% -3.66 -4.26%
20210312 85.97 85.96 88.03 85.21 323645.32 280605 0.00% 0.01 0.01%
20210311 84.58 85.95 86.5 83.5 408116.44 349558 0.00% 2.29 2.74%
