日期 开盘价 收盘价 最高价 最低价 成交量（手） 成交额（万元） 换手率 涨跌额 涨跌幅（%）
20211108 6.9 6.93 6.98 6.62 281270.84 19207 0.00% 0.04 0.58%
20211105 7.34 6.89 7.36 6.86 468414.00 32745 0.00% -0.36 -4.97%
20211104 6.97 7.25 7.42 6.96 502431.90 36327 0.00% 0.30 4.32%
20211103 7.09 6.95 7.14 6.84 326782.90 22703 0.00% -0.15 -2.11%
20211102 7.46 7.1 7.48 7.03 546876.30 39469 0.00% -0.43 -5.71%
20211101 7.25 7.53 7.71 7.12 656942.82 48870 0.00% 0.30 4.15%
20211029 7.15 7.23 7.25 6.73 512644.00 35838 0.00% 0.04 0.56%
20211028 7.41 7.19 7.62 7.09 545690.01 39999 0.00% -0.32 -4.26%
20211027 7.39 7.51 7.57 7.27 573063.82 42828 0.00% 0.12 1.62%
20211026 7.42 7.39 7.55 7.25 643454.30 47703 0.00% -0.30 -3.90%
20211025 7.36 7.69 8.0 7.36 633393.74 48906 0.00% 0.41 5.63%
20211022 7.62 7.28 7.84 7.23 606574.92 45705 0.00% -0.33 -4.34%
20211021 7.41 7.61 7.68 7.23 557081.00 41584 0.00% 0.21 2.84%
20211020 7.16 7.4 7.55 7.11 465528.00 34384 0.00% 0.24 3.35%
20211019 7.15 7.16 7.33 7.07 354378.02 25434 0.00% -0.02 -0.28%
20211018 7.03 7.18 7.22 7.0 378327.95 27006 0.00% 0.19 2.72%
20211015 7.03 6.99 7.09 6.82 315336.00 21921 0.00% -0.03 -0.43%
20211014 6.74 7.02 7.14 6.68 490494.97 34318 0.00% 0.20 2.93%
20211013 6.75 6.82 6.83 6.41 460978.02 30641 0.00% 0.15 2.25%
20211012 7.09 6.67 7.15 6.49 533504.31 35937 0.00% -0.40 -5.66%
20211011 7.46 7.07 7.49 6.9 476800.96 33717 0.00% -0.29 -3.94%
20211008 8.13 7.36 8.19 7.26 692215.59 52251 0.00% -0.61 -7.65%
20210930 7.66 7.97 8.14 7.53 684313.81 53875 0.00% 0.44 5.84%
20210929 8.05 7.53 8.29 7.52 953901.31 74399 0.00% -0.82 -9.82%
20210928 7.8 8.35 8.54 7.8 796961.61 66521 0.00% 0.47 5.96%
20210927 8.99 7.88 9.09 7.88 1022858.63 84130 0.00% -0.88 -10.05%
20210924 8.2 8.76 8.96 8.02 1077980.19 92286 0.00% 0.52 6.31%
20210923 8.53 8.24 8.78 8.23 798222.05 67471 0.00% -0.29 -3.40%
20210922 8.24 8.53 8.68 8.24 810742.71 68961 0.00% 0.23 2.77%
20210917 8.34 8.3 8.83 8.08 1050178.52 89234 0.00% -0.17 -2.01%
20210916 9.0 8.47 9.05 8.33 1681742.27 145770 0.00% 0.01 0.12%
20210915 7.93 8.46 8.46 7.93 325390.84 27110 0.00% 0.77 10.01%
20210914 7.4 7.69 8.0 7.1 1106090.34 83980 0.00% 0.42 5.78%
20210913 7.13 7.27 7.31 7.05 518488.00 37286 0.00% 0.12 1.68%
20210910 7.2 7.15 7.3 7.04 502423.86 35879 0.00% -0.14 -1.92%
20210909 7.25 7.29 7.43 7.14 489353.88 35556 0.00% 0.02 0.28%
20210908 7.51 7.27 7.84 7.2 835547.48 62032 0.00% -0.16 -2.15%
20210907 7.46 7.43 7.5 7.25 676674.70 49925 0.00% 0.08 1.09%
20210906 7.73 7.35 7.88 7.23 872364.68 64831 0.00% -0.49 -6.25%
20210903 7.79 7.84 8.15 7.57 1390554.72 109553 0.00% 0.25 3.29%
20210902 6.67 7.59 7.59 6.61 1221086.00 89064 0.00% 0.69 10.00%
20210901 7.56 6.9 7.67 6.9 1028388.25 73884 0.00% -0.77 -10.04%
20210831 7.57 7.67 7.89 7.45 1078234.50 82564 0.00% 0.01 0.13%
20210830 7.6 7.66 7.82 7.35 1631010.06 123745 0.00% 0.40 5.51%
20210827 6.68 7.26 7.26 6.68 534453.29 37719 0.00% 0.66 10.00%
20210826 6.63 6.6 6.78 6.44 797339.50 52703 0.00% 0.00 0.00%
20210825 6.63 6.6 6.72 6.37 693384.02 45077 0.00% 0.10 1.54%
20210824 6.48 6.5 6.73 6.43 1126625.07 73922 0.00% 0.05 0.78%
20210823 5.89 6.45 6.45 5.83 893654.40 56302 0.00% 0.59 10.07%
20210820 5.79 5.86 5.91 5.63 326289.04 18940 0.00% 0.04 0.69%
20210819 5.82 5.82 5.87 5.53 521127.04 29639 0.00% -0.03 -0.51%
20210818 5.86 5.85 6.05 5.83 554619.00 32709 0.00% -0.16 -2.66%
20210817 6.04 6.01 6.38 5.98 658529.00 40475 0.00% -0.04 -0.66%
20210816 6.29 6.05 6.58 6.0 855068.00 53416 0.00% -0.24 -3.82%
20210813 6.12 6.29 6.32 6.1 627649.24 39053 0.00% 0.08 1.29%
20210812 6.15 6.21 6.28 6.04 668831.18 41262 0.00% 0.07 1.14%
20210811 5.92 6.14 6.23 5.82 789192.40 48131 0.00% 0.20 3.37%
20210810 5.9 5.94 6.12 5.81 514382.00 30682 0.00% -0.01 -0.17%
20210809 5.98 5.95 5.98 5.75 511192.28 29955 0.00% -0.09 -1.49%
20210806 5.95 6.04 6.13 5.94 465441.02 27984 0.00% 0.09 1.51%
20210805 6.09 5.95 6.24 5.85 588472.28 35394 0.00% -0.12 -1.98%
20210804 5.98 6.07 6.15 5.89 686575.21 41491 0.00% 0.14 2.36%
20210803 6.2 5.93 6.25 5.91 709810.29 42877 0.00% -0.23 -3.73%
20210802 6.2 6.16 6.34 6.08 851511.05 52821 0.00% -0.01 -0.16%
20210730 6.07 6.17 6.24 5.9 1112019.02 67919 0.00% 0.21 3.52%
20210729 5.55 5.96 5.96 5.55 515992.92 30320 0.00% 0.54 9.96%
20210728 5.51 5.42 5.7 5.31 567394.58 31129 0.00% -0.24 -4.24%
20210727 6.09 5.66 6.17 5.6 793659.90 46549 0.00% -0.48 -7.82%
20210726 6.08 6.14 6.23 5.84 848514.90 51338 0.00% 0.08 1.32%
20210723 5.84 6.06 6.3 5.81 989526.12 60118 0.00% 0.17 2.89%
20210722 5.73 5.89 5.95 5.63 806212.13 47147 0.00% 0.14 2.43%
20210721 5.6 5.75 5.85 5.56 704324.04 40290 0.00% 0.20 3.60%
20210720 5.5 5.55 5.63 5.45 434600.96 24036 0.00% -0.08 -1.42%
20210719 5.58 5.63 5.78 5.53 582727.70 33115 0.00% 0.01 0.18%
20210716 5.7 5.62 5.93 5.62 817030.40 46924 0.00% -0.05 -0.88%
20210715 5.46 5.67 5.75 5.46 854379.92 48134 0.00% 0.23 4.23%
20210714 5.71 5.44 5.74 5.43 758860.00 42190 0.00% -0.31 -5.39%
20210713 5.56 5.75 5.95 5.48 1046915.94 60342 0.00% 0.15 2.68%
20210712 5.5 5.6 5.67 5.48 813875.92 45449 0.00% 0.02 0.36%
20210709 5.25 5.58 5.75 5.22 1022443.02 56239 0.00% 0.27 5.08%
20210708 5.39 5.31 5.5 5.3 721258.81 38840 0.00% -0.12 -2.21%
20210707 5.2 5.43 5.5 5.17 997794.62 53590 0.00% 0.16 3.04%
20210706 5.43 5.27 5.43 5.17 887621.71 46573 0.00% -0.18 -3.30%
20210705 5.39 5.45 5.52 5.26 1027958.07 55322 0.00% 0.04 0.74%
20210702 5.35 5.41 5.62 5.32 1193773.36 65037 0.00% -0.03 -0.55%
20210701 5.96 5.44 6.05 5.43 1781860.88 100479 0.00% -0.59 -9.78%
20210630 6.21 6.03 6.37 5.77 2257091.72 136721 0.00% -0.24 -3.83%
20210629 6.41 6.27 6.41 5.96 3082149.21 193344 0.00% 0.44 7.55%
20210628 5.83 5.83 5.83 5.83 171511.08 9999 0.00% 0.53 10.00%
20210625 5.3 5.3 5.3 5.3 150275.32 7965 0.00% 0.48 9.96%
20210624 4.82 4.82 4.82 4.82 185257.00 8929 0.00% 0.44 10.05%
20210623 4.38 4.38 4.45 4.34 174412.76 7673 0.00% 0.03 0.69%
20210622 4.3 4.35 4.42 4.28 183631.58 8027 0.00% 0.06 1.40%
20210621 4.27 4.29 4.31 4.25 79056.20 3392 0.00% 0.00 0.00%
20210618 4.32 4.29 4.32 4.23 79459.04 3393 0.00% 0.01 0.23%
20210617 4.26 4.28 4.31 4.25 58170.00 2490 0.00% 0.01 0.23%
20210616 4.4 4.27 4.4 4.25 123751.00 5358 0.00% -0.10 -2.29%
20210615 4.31 4.37 4.38 4.3 128778.32 5600 0.00% 0.06 1.39%
20210611 4.34 4.31 4.38 4.3 121330.10 5255 0.00% -0.06 -1.37%
20210610 4.24 4.37 4.4 4.22 199102.58 8626 0.00% 0.14 3.31%
20210609 4.2 4.23 4.26 4.2 71065.02 3011 0.00% 0.01 0.24%
20210608 4.26 4.22 4.28 4.2 101565.00 4289 0.00% -0.05 -1.17%
20210607 4.3 4.27 4.3 4.25 90231.06 3850 0.00% -0.04 -0.93%
20210604 4.3 4.31 4.33 4.28 51985.02 2239 0.00% 0.01 0.23%
20210603 4.38 4.3 4.38 4.29 102605.82 4451 0.00% -0.07 -1.60%
20210602 4.33 4.37 4.41 4.33 109983.02 4804 0.00% 0.03 0.69%
20210601 4.38 4.34 4.38 4.32 86506.00 3752 0.00% -0.05 -1.14%
20210531 4.29 4.39 4.39 4.24 137368.54 5907 0.00% 0.07 1.62%
20210528 4.39 4.32 4.4 4.29 116863.00 5069 0.00% -0.07 -1.59%
20210527 4.42 4.39 4.43 4.38 92111.00 4054 0.00% -0.04 -0.90%
20210526 4.41 4.43 4.44 4.36 96296.05 4245 0.00% 0.03 0.68%
20210525 4.4 4.4 4.41 4.36 74048.32 3248 0.00% 0.01 0.23%
20210524 4.38 4.39 4.41 4.37 71711.02 3146 0.00% -0.01 -0.23%
20210521 4.38 4.4 4.43 4.35 128840.38 5664 0.00% 0.01 0.23%
20210520 4.29 4.39 4.39 4.25 153176.21 6630 0.00% 0.09 2.09%
20210519 4.3 4.3 4.3 4.25 64013.56 2737 0.00% 0.00 0.00%
20210518 4.34 4.3 4.34 4.28 55278.31 2373 0.00% -0.03 -0.69%
20210517 4.35 4.33 4.38 4.31 73571.59 3192 0.00% -0.03 -0.69%
20210514 4.3 4.36 4.36 4.26 91980.26 3968 0.00% 0.09 2.11%
20210513 4.33 4.27 4.35 4.26 86603.34 3729 0.00% -0.09 -2.06%
20210512 4.32 4.36 4.36 4.3 70781.00 3063 0.00% 0.02 0.46%
20210511 4.35 4.34 4.37 4.3 58687.06 2544 0.00% -0.02 -0.46%
20210510 4.31 4.36 4.36 4.27 79516.02 3441 0.00% 0.05 1.16%
20210507 4.28 4.31 4.35 4.24 93287.08 4014 0.00% 0.03 0.70%
20210506 4.21 4.28 4.3 4.2 68979.62 2945 0.00% 0.05 1.18%
20210430 4.33 4.23 4.34 4.18 124894.99 5303 0.00% -0.08 -1.86%
20210429 4.38 4.31 4.39 4.3 82447.25 3566 0.00% -0.07 -1.60%
20210428 4.35 4.38 4.42 4.34 67064.19 2938 0.00% 0.03 0.69%
20210427 4.41 4.35 4.43 4.26 101327.38 4374 0.00% -0.05 -1.14%
20210426 4.38 4.4 4.45 4.36 92272.02 4072 0.00% 0.03 0.69%
20210423 4.46 4.37 4.47 4.36 101741.00 4466 0.00% -0.07 -1.58%
20210422 4.48 4.44 4.52 4.42 124060.08 5528 0.00% -0.04 -0.89%
20210421 4.55 4.48 4.56 4.46 147719.48 6642 0.00% -0.11 -2.40%
20210420 4.6 4.59 4.67 4.58 133770.06 6193 0.00% -0.03 -0.65%
20210419 4.56 4.62 4.62 4.55 129795.00 5976 0.00% 0.06 1.32%
20210416 4.5 4.56 4.58 4.48 118950.00 5392 0.00% 0.07 1.56%
20210415 4.53 4.49 4.55 4.41 115530.18 5145 0.00% -0.04 -0.88%
20210414 4.51 4.53 4.55 4.48 77400.04 3501 0.00% 0.02 0.44%
20210413 4.7 4.51 4.72 4.5 169852.43 7741 0.00% -0.15 -3.22%
20210412 4.63 4.66 4.68 4.61 143454.00 6651 0.00% 0.03 0.65%
20210409 4.75 4.63 4.75 4.61 201635.94 9420 0.00% -0.13 -2.73%
20210408 4.87 4.76 4.87 4.73 213287.00 10191 0.00% -0.13 -2.66%
20210407 4.86 4.89 4.91 4.79 181053.00 8786 0.00% 0.03 0.62%
20210406 4.83 4.86 4.94 4.82 206295.32 10047 0.00% 0.07 1.46%
20210402 4.9 4.79 4.9 4.75 299289.00 14390 0.00% -0.12 -2.44%
20210401 4.88 4.91 5.05 4.83 315498.00 15597 0.00% 0.04 0.82%
20210331 4.94 4.87 4.99 4.85 270278.34 13270 0.00% -0.09 -1.81%
20210330 5.06 4.96 5.09 4.94 297992.00 14849 0.00% -0.16 -3.13%
20210329 5.15 5.12 5.18 5.02 470170.50 24030 0.00% 0.03 0.59%
20210326 4.78 5.09 5.21 4.74 625574.43 31547 0.00% 0.34 7.16%
20210325 5.02 4.75 5.02 4.73 399776.06 19286 0.00% -0.27 -5.38%
20210324 5.0 5.02 5.17 4.92 416114.02 21104 0.00% 0.03 0.60%
20210323 5.24 4.99 5.24 4.95 617518.10 31211 0.00% -0.26 -4.95%
20210322 4.92 5.25 5.26 4.92 779405.24 39959 0.00% 0.29 5.85%
20210319 4.94 4.96 5.12 4.87 519732.33 26036 0.00% -0.07 -1.39%
20210318 4.96 5.03 5.1 4.86 494533.50 24576 0.00% 0.11 2.24%
20210317 5.1 4.92 5.1 4.91 393169.02 19489 0.00% -0.20 -3.91%
20210316 5.01 5.12 5.15 4.9 558198.42 28134 0.00% 0.14 2.81%
20210315 5.0 4.98 5.17 4.83 664767.66 33320 0.00% -0.09 -1.78%
20210312 4.8 5.07 5.16 4.78 819715.99 41045 0.00% 0.18 3.68%
20210311 4.62 4.89 5.04 4.58 747529.70 36128 0.00% 0.09 1.87%
