日期 开盘价 收盘价 最高价 最低价 成交量（手） 成交额（万元） 换手率 涨跌额 涨跌幅（%）
20211108 6.13 6.28 6.31 5.88 647063.69 39372 0.00% 0.09 1.45% 35.00 2
20211105 6.19 6.19 6.37 6.16 537372.76 33610 0.00% 0.06 0.98% 70.00 4
20211104 6.14 6.13 6.22 6.09 332268.10 20425 0.00% 0.01 0.16% 0.00 0
20211103 6.17 6.12 6.2 5.99 363547.80 22098 0.00% -0.03 -0.49% 0.00 0
20211102 6.11 6.15 6.42 6.05 711237.80 44311 0.00% 0.07 1.15% 0.00 0
20211101 6.05 6.08 6.15 6.0 323892.67 19722 0.00% 0.03 0.50% 0.00 0
20211029 6.02 6.05 6.13 5.94 351138.00 21281 0.00% 0.06 1.00% 0.00 0
20211028 6.15 5.99 6.3 5.97 389604.95 23667 0.00% -0.23 -3.70% 10.00 1
20211027 6.47 6.22 6.51 6.17 449184.35 28275 0.00% -0.25 -3.86% 37.00 2
20211026 6.64 6.47 6.72 6.43 453988.10 29615 0.00% -0.17 -2.56% 0.00 0
20211025 6.62 6.64 6.7 6.49 522420.56 34544 0.00% 0.04 0.61% 0.00 0
20211022 7.0 6.6 7.0 6.59 749947.35 50676 0.00% -0.29 -4.21% 10.00 1
20211021 6.9 6.89 7.04 6.78 929684.32 64422 0.00% -0.24 -3.37% 8.00 1
20211020 7.18 7.13 7.35 7.08 865333.14 62147 0.00% -0.09 -1.25% 20.00 1
20211019 7.0 7.22 7.44 6.96 1166709.22 84500 0.00% 0.17 2.41% 52.00 4
20211018 7.0 7.05 7.24 6.88 846842.47 59732 0.00% 0.01 0.14% 63.00 4
20211015 6.92 7.04 7.37 6.68 1222700.81 85604 0.00% 0.45 6.83% 13.00 1
20211014 6.41 6.59 6.76 6.4 627656.26 41467 0.00% 0.12 1.85% 10.00 1
20211013 6.43 6.47 6.55 6.27 511007.74 32824 0.00% 0.09 1.41% 30.00 2
20211012 6.15 6.38 6.78 6.11 756972.13 48820 0.00% 0.23 3.74% 6.00 0
20211011 6.14 6.15 6.22 6.08 246054.60 15093 0.00% 0.03 0.49% 0.00 0
20211008 5.88 6.12 6.14 5.86 376045.16 22796 0.00% 0.35 6.07% 6.00 0
20210930 5.66 5.77 5.79 5.66 108837.27 6261 0.00% 0.13 2.30% 3.00 0
20210929 5.73 5.64 5.8 5.64 159021.01 9084 0.00% -0.17 -2.93% 0.00 0
20210928 5.89 5.81 5.89 5.71 175549.49 10140 0.00% -0.09 -1.53% 1.00 0
20210927 5.97 5.9 6.1 5.85 250455.21 14954 0.00% 0.01 0.17% 0.00 0
20210924 5.92 5.89 5.99 5.84 184442.40 10921 0.00% -0.04 -0.67% 0.00 0
20210923 5.82 5.93 6.05 5.82 216014.08 12849 0.00% 0.12 2.07% 0.00 0
20210922 5.71 5.81 5.85 5.69 138511.40 8028 0.00% -0.04 -0.68% 0.00 0
20210917 5.83 5.85 5.9 5.71 223516.71 12984 0.00% 0.02 0.34% 0.00 0
20210916 6.09 5.83 6.16 5.82 351031.20 21014 0.00% -0.29 -4.74% 13.00 1
20210915 6.09 6.12 6.2 6.05 254053.70 15522 0.00% -0.01 -0.16% 0.00 0
20210914 6.13 6.13 6.33 6.08 400437.66 24917 0.00% 0.01 0.16% 0.00 0
20210913 6.15 6.12 6.16 6.06 268523.46 16365 0.00% -0.09 -1.45% 5.00 0
20210910 6.26 6.21 6.33 6.17 433089.04 27043 0.00% -0.13 -2.05% 6.00 0
20210909 6.1 6.34 6.34 6.07 469848.01 29132 0.00% 0.22 3.59% 171.00 11
20210908 6.15 6.12 6.18 6.07 283699.67 17357 0.00% -0.04 -0.65% 20.00 1
20210907 6.13 6.16 6.19 6.1 296254.75 18195 0.00% 0.00 0.00% 4.00 0
20210906 5.97 6.16 6.18 5.9 432401.40 26340 0.00% 0.21 3.53% 100.00 6
20210903 5.81 5.95 6.0 5.75 344015.39 20207 0.00% 0.13 2.23% 0.00 0
20210902 5.72 5.82 5.87 5.68 196430.49 11379 0.00% 0.10 1.75% 0.00 0
20210901 5.81 5.72 5.84 5.64 235147.51 13465 0.00% -0.10 -1.72% 2.00 0
20210831 5.81 5.82 5.91 5.74 201221.20 11678 0.00% -0.02 -0.34% 0.00 0
20210830 5.83 5.84 5.96 5.8 247515.20 14553 0.00% -0.02 -0.34% 0.00 0
20210827 5.99 5.86 6.0 5.8 327839.22 19239 0.00% -0.18 -2.98% 42.00 2
20210826 6.1 6.04 6.22 6.01 465541.71 28431 0.00% -0.13 -2.11% 68.00 4
20210825 5.76 6.17 6.25 5.57 870994.27 51529 0.00% 0.41 7.12% 173.00 11
20210824 6.04 5.76 6.05 5.75 451107.33 26601 0.00% -0.27 -4.48% 90.00 5
20210823 5.89 6.03 6.04 5.88 287445.08 17169 0.00% 0.10 1.69% 0.00 0
20210820 5.9 5.93 5.97 5.83 203602.80 12028 0.00% 0.03 0.51% 2.00 0
20210819 5.88 5.9 5.97 5.86 187907.80 11121 0.00% 0.00 0.00% 1.00 0
20210818 5.84 5.9 5.98 5.83 226496.19 13332 0.00% 0.05 0.85% 0.00 0
20210817 6.06 5.85 6.1 5.82 415266.00 24815 0.00% -0.27 -4.41% 7.00 0
20210816 6.12 6.12 6.22 6.02 322186.40 19703 0.00% 0.00 0.00% 2.00 0
20210813 6.18 6.12 6.2 6.06 419010.12 25579 0.00% -0.14 -2.24% 57.00 3
20210812 6.1 6.26 6.42 6.06 551505.54 34687 0.00% 0.11 1.79% 73.00 5
20210811 6.1 6.15 6.17 6.02 355000.98 21621 0.00% 0.00 0.00% 2.00 0
20210810 6.0 6.15 6.23 5.96 449942.64 27528 0.00% 0.14 2.33% 35.00 2
20210809 6.09 6.01 6.12 5.85 464479.47 27711 0.00% -0.19 -3.06% 5.00 0
20210806 6.17 6.2 6.24 6.02 481487.20 29506 0.00% 0.10 1.64% 37.00 2
20210805 6.18 6.1 6.19 6.03 396339.00 24234 0.00% -0.10 -1.61% 8.00 0
20210804 6.0 6.2 6.22 5.96 616501.33 37861 0.00% 0.12 1.97% 19.00 1
20210803 6.53 6.08 6.58 6.02 1130400.20 71193 0.00% -0.57 -8.57% 7.00 0
20210802 6.84 6.65 6.96 6.52 963076.71 64475 0.00% -0.30 -4.32% 285.00 19
20210730 6.86 6.95 7.2 6.78 868340.80 60521 0.00% 0.10 1.46% 178.00 12
20210729 6.71 6.85 6.99 6.65 871506.90 59606 0.00% 0.27 4.10% 130.00 9
20210728 6.78 6.58 6.89 6.17 957027.92 63517 0.00% -0.30 -4.36% 62.00 4
20210727 6.76 6.88 7.44 6.63 1412781.96 98894 0.00% 0.15 2.23% 135.00 9
20210726 6.76 6.73 7.05 6.47 893947.50 60327 0.00% 0.14 2.12% 0.00 0
20210723 6.87 6.59 6.93 6.56 886118.80 59379 0.00% -0.26 -3.80% 3.00 0
20210722 7.0 6.85 7.17 6.81 1273585.34 88678 0.00% -0.05 -0.72% 7.00 0
20210721 6.18 6.9 7.24 6.13 1505873.66 101221 0.00% 0.76 12.38% 20.00 1
20210720 6.06 6.14 6.29 6.02 554804.96 34134 0.00% -0.02 -0.32% 161.00 10
20210719 6.06 6.16 6.25 5.96 598472.14 36670 0.00% 0.04 0.65% 28.00 2
20210716 5.91 6.12 6.18 5.83 690256.76 41661 0.00% 0.15 2.51% 11.00 1
20210715 5.77 5.97 6.12 5.65 697562.71 41069 0.00% 0.17 2.93% 13.00 1
20210714 6.1 5.8 6.14 5.78 699167.53 41392 0.00% -0.31 -5.07% 1.00 0
20210713 6.22 6.11 6.36 6.04 784343.54 48129 0.00% -0.13 -2.08% 150.00 9
20210712 5.81 6.24 6.36 5.81 1159459.11 71118 0.00% 0.65 11.63% 49.00 3
20210709 5.8 5.59 5.83 5.53 596867.58 33568 0.00% -0.27 -4.61% 89.00 5
20210708 5.86 5.86 5.99 5.81 431192.20 25380 0.00% 0.00 0.00% 0.00 0
20210707 5.83 5.86 5.89 5.72 454865.83 26456 0.00% -0.09 -1.51% 0.00 0
20210706 5.81 5.95 6.06 5.68 633723.69 37402 0.00% 0.15 2.59% 30.00 2
20210705 5.84 5.8 5.85 5.61 503749.22 28940 0.00% 0.05 0.87% 205.00 12
20210702 5.71 5.75 5.77 5.57 517328.03 29422 0.00% 0.06 1.05% 15.00 1
20210701 6.29 5.69 6.35 5.68 1220555.19 72828 0.00% -0.67 -10.53% 207.00 12
20210630 6.11 6.36 6.65 6.11 1161816.80 74393 0.00% 0.23 3.75% 76.00 5
20210629 6.0 6.13 6.28 5.89 940903.59 57602 0.00% 0.10 1.66% 25.00 2
20210628 6.17 6.03 6.35 5.97 768003.65 46908 0.00% 0.12 2.03% 1.00 0
20210625 6.07 5.91 6.23 5.91 994295.75 60065 0.00% -0.15 -2.48% 18.00 1
20210624 6.09 6.06 6.33 6.04 1203366.76 74304 0.00% 0.04 0.66% 2.00 0
20210623 6.31 6.02 6.42 6.0 1387964.17 84822 0.00% -0.29 -4.60% 305.00 18
20210622 6.3 6.31 6.76 6.13 2721904.78 174902 0.00% 0.21 3.44% 37.00 2
20210621 5.16 6.1 6.1 5.15 1930364.59 114416 0.00% 1.02 20.08% 89.00 5
20210618 5.12 5.08 5.25 5.03 540901.88 27675 0.00% -0.04 -0.78% 76.00 4
20210617 4.95 5.12 5.15 4.75 680060.88 33697 0.00% 0.13 2.61% 7.00 0
20210616 5.07 4.99 5.18 4.99 531074.95 26916 0.00% 0.02 0.40% 31.00 2
20210615 5.1 4.97 5.28 4.95 659490.62 33381 0.00% -0.08 -1.58% 0.00 0
20210611 5.38 5.05 5.47 5.02 990493.21 51454 0.00% -0.39 -7.17% 0.00 0
20210610 5.25 5.44 5.65 5.11 1019402.04 54412 0.00% 0.23 4.41% 50.00 3
20210609 5.17 5.21 5.3 5.08 835905.20 43158 0.00% -0.08 -1.51% 47.00 2
20210608 4.65 5.29 5.37 4.63 1256091.66 63871 0.00% 0.61 13.03% 143.00 8
20210607 4.6 4.68 4.88 4.59 681887.02 32192 0.00% 0.15 3.31% 108.00 5
20210604 4.4 4.53 4.57 4.37 568212.04 25537 0.00% 0.17 3.90% 11.00 0
20210603 4.4 4.36 4.49 4.33 403951.60 17778 0.00% -0.03 -0.68% 0.00 0
20210602 4.45 4.39 4.5 4.34 471342.18 20789 0.00% -0.10 -2.23% 6.00 0
20210601 4.23 4.49 4.64 4.19 768569.92 34157 0.00% 0.24 5.65% 53.00 2
20210531 4.14 4.25 4.33 4.09 473030.00 20058 0.00% 0.14 3.41% 5.00 0
20210528 4.15 4.11 4.2 4.08 300446.20 12389 0.00% -0.05 -1.20% 0.00 0
20210527 4.04 4.16 4.19 4.04 482994.69 19958 0.00% 0.14 3.48% 0.00 0
20210526 4.05 4.02 4.12 4.01 286534.40 11631 0.00% -0.04 -0.99% 0.00 0
20210525 4.05 4.06 4.08 3.98 310284.60 12490 0.00% 0.01 0.25% 0.00 0
20210524 3.93 4.05 4.05 3.92 374092.40 15002 0.00% 0.12 3.05% 0.00 0
20210521 3.91 3.93 4.06 3.89 311953.64 12419 0.00% 0.04 1.03% 0.00 0
20210520 3.9 3.89 3.97 3.83 252423.60 9840 0.00% -0.09 -2.26% 0.00 0
20210519 3.99 3.98 4.04 3.94 208425.60 8321 0.00% -0.01 -0.25% 0.00 0
20210518 3.96 3.99 4.03 3.93 198375.14 7898 0.00% 0.04 1.01% 0.00 0
20210517 4.09 3.95 4.17 3.94 384646.02 15456 0.00% -0.15 -3.66% 0.00 0
20210514 4.0 4.1 4.13 3.97 413661.93 16807 0.00% 0.14 3.54% 0.00 0
20210513 3.95 3.96 4.03 3.93 271141.44 10807 0.00% -0.02 -0.50% 0.00 0
20210512 3.85 3.98 4.02 3.8 359383.88 14113 0.00% 0.10 2.58% 3.00 0
20210511 3.83 3.88 3.9 3.81 198338.49 7656 0.00% 0.04 1.04% 10.00 0
20210510 3.83 3.84 3.88 3.79 166401.20 6390 0.00% -0.01 -0.26% 0.00 0
20210507 3.87 3.85 3.93 3.82 231069.21 8938 0.00% -0.01 -0.26% 0.00 0
20210506 3.78 3.86 3.87 3.76 219294.45 8395 0.00% 0.10 2.66% 0.00 0
20210430 3.84 3.76 3.85 3.74 215032.00 8141 0.00% -0.09 -2.34% 0.00 0
20210429 3.83 3.85 3.89 3.81 205581.26 7935 0.00% 0.00 0.00% 0.00 0
20210428 3.83 3.85 3.89 3.8 233290.78 8939 0.00% 0.00 0.00% 0.00 0
20210427 3.96 3.85 3.98 3.8 287178.93 11079 0.00% -0.11 -2.78% 30.00 1
20210426 4.05 3.96 4.06 3.95 324907.64 12971 0.00% -0.08 -1.98% 0.00 0
20210423 4.08 4.04 4.15 4.02 343283.20 13939 0.00% -0.07 -1.70% 0.00 0
20210422 3.89 4.11 4.19 3.88 660889.10 26992 0.00% 0.23 5.93% 16.00 1
20210421 3.93 3.88 4.0 3.88 298921.80 11719 0.00% -0.06 -1.52% 0.00 0
20210420 4.06 3.94 4.09 3.93 409527.07 16325 0.00% -0.09 -2.23% 0.00 0
20210419 4.01 4.03 4.09 3.98 508965.00 20524 0.00% 0.04 1.00% 26.00 1
20210416 3.61 3.99 4.06 3.6 721561.55 28369 0.00% 0.37 10.22% 39.00 2
20210415 3.65 3.62 3.69 3.58 162910.11 5910 0.00% -0.05 -1.36% 0.00 0
20210414 3.67 3.67 3.7 3.63 163687.42 5992 0.00% -0.01 -0.27% 18.00 1
20210413 3.75 3.68 3.79 3.66 186065.43 6910 0.00% -0.11 -2.90% 0.00 0
20210412 3.81 3.79 3.88 3.74 212494.20 8083 0.00% -0.03 -0.79% 0.00 0
20210409 3.79 3.82 3.85 3.77 168440.40 6416 0.00% 0.04 1.06% 0.00 0
20210408 3.83 3.78 3.93 3.78 246630.54 9519 0.00% -0.07 -1.82% 5.00 0
20210407 3.84 3.85 3.87 3.77 242059.06 9255 0.00% 0.05 1.32% 0.00 0
20210406 3.81 3.8 3.92 3.78 336176.81 12875 0.00% 0.08 2.15% 0.00 0
20210402 3.55 3.72 3.75 3.51 326842.88 11993 0.00% 0.18 5.08% 0.00 0
20210401 3.53 3.54 3.57 3.5 110165.45 3891 0.00% 0.01 0.28% 0.00 0
20210331 3.51 3.53 3.56 3.48 113783.74 4005 0.00% 0.02 0.57% 0.00 0
20210330 3.62 3.51 3.63 3.48 187248.26 6609 0.00% -0.11 -3.04% 0.00 0
20210329 3.66 3.62 3.69 3.62 149443.24 5446 0.00% -0.06 -1.63% 0.00 0
20210326 3.7 3.68 3.7 3.64 118495.09 4345 0.00% 0.00 0.00% 100.00 4
20210325 3.67 3.68 3.74 3.61 153667.81 5652 0.00% 0.01 0.27% 26.00 1
20210324 3.68 3.67 3.74 3.65 149472.41 5510 0.00% -0.02 -0.54% 0.00 0
20210323 3.74 3.69 3.78 3.66 167590.44 6211 0.00% -0.07 -1.86% 0.00 0
20210322 3.69 3.76 3.77 3.67 167148.95 6231 0.00% 0.08 2.17% 0.00 0
20210319 3.63 3.68 3.75 3.62 171305.38 6319 0.00% 0.01 0.27% 0.00 0
20210318 3.83 3.67 3.87 3.67 262943.20 9764 0.00% -0.12 -3.17% 0.00 0
20210317 3.78 3.79 3.85 3.74 160031.94 6058 0.00% 0.02 0.53% 0.00 0
20210316 3.64 3.77 3.8 3.64 192485.99 7210 0.00% 0.13 3.57% 0.00 0
20210315 3.67 3.64 3.71 3.61 161169.19 5891 0.00% -0.06 -1.62% 0.00 0
20210312 3.77 3.7 3.81 3.69 175837.25 6564 0.00% -0.09 -2.37% 0.00 0
20210311 3.65 3.79 3.87 3.59 231621.25 8644 0.00% 0.13 3.55% 0.00 0
