日期 开盘价 收盘价 最高价 最低价 成交量（手） 成交额（万元） 换手率 涨跌额 涨跌幅（%）
20211108 45.29 44.95 45.85 44.04 135575.25 60959 0.00% -0.85 -1.86% 6.00 3
20211105 42.9 45.8 47.35 42.53 292876.72 133690 0.00% 2.15 4.93% 8.00 4
20211104 43.2 43.65 43.97 41.68 192866.79 82741 0.00% 1.15 2.71% 5.00 2
20211103 39.75 42.5 43.9 39.56 245785.23 104622 0.00% 2.74 6.89% 0.00 0
20211102 39.4 39.76 41.09 39.1 148594.07 59349 0.00% 0.56 1.43% 0.00 0
20211101 39.14 39.2 40.18 38.83 112392.24 44254 0.00% -0.09 -0.23% 0.00 0
20211029 38.22 39.29 39.42 37.8 140434.75 54521 0.00% 1.16 3.04% 0.00 0
20211028 39.4 38.13 39.65 37.81 119449.52 45808 0.00% -0.99 -2.53% 0.00 0
20211027 39.15 39.12 39.44 38.7 79092.66 30898 0.00% -0.03 -0.08% 0.00 0
20211026 40.01 39.15 40.49 38.87 129975.14 51182 0.00% -0.97 -2.42% 5.00 2
20211025 41.09 40.12 42.4 39.85 151145.65 61580 0.00% -1.25 -3.02% 0.00 0
20211022 40.61 41.37 42.55 40.21 212350.56 87942 0.00% 2.19 5.59% 0.00 0
20211021 39.04 39.18 39.5 38.51 66684.05 26050 0.00% 0.17 0.44% 5.00 2
20211020 38.8 39.01 39.99 38.58 162384.04 63794 0.00% 0.74 1.93% 0.00 0
20211019 38.72 38.27 38.85 37.82 86437.38 33052 0.00% -0.12 -0.31% 1.00 0
20211018 39.78 38.39 39.78 37.89 148991.53 57199 0.00% -1.20 -3.03% 1.00 0
20211015 39.27 39.59 39.98 38.93 108509.29 42836 0.00% 0.21 0.53% 0.00 0
20211014 38.25 39.38 40.32 37.74 183485.05 72249 0.00% 0.83 2.15% 1.00 0
20211013 39.8 38.55 39.85 37.02 229982.18 87393 0.00% -0.63 -1.61% 0.00 0
20211012 45.44 39.18 45.95 38.79 329181.68 135974 0.00% -6.72 -14.64% 9.00 4
20211011 47.57 45.9 48.2 45.71 136730.00 63618 0.00% -1.66 -3.49% 0.00 0
20211008 44.34 47.56 47.91 43.59 199643.08 92334 0.00% 3.97 9.11% 5.00 2
20210930 43.6 43.59 46.0 43.4 164243.39 72815 0.00% -0.01 -0.02% 1.00 0
20210929 41.91 43.6 44.22 41.61 134367.18 58241 0.00% 1.40 3.32% 2.00 1
20210928 42.5 42.2 43.5 41.52 124286.83 52512 0.00% -0.24 -0.57% 0.00 0
20210927 43.59 42.44 44.3 42.16 138694.06 59768 0.00% -1.72 -3.89% 0.00 0
20210924 41.27 44.16 44.9 41.27 218107.69 95634 0.00% 2.85 6.90% 2.00 1
20210923 41.67 41.31 42.47 40.83 96194.69 39816 0.00% -0.10 -0.24% 5.00 2
20210922 41.02 41.41 42.25 41.01 63071.26 26245 0.00% -0.87 -2.06% 0.00 0
20210917 41.58 42.28 42.4 40.66 81869.36 34001 0.00% 0.48 1.15% 0.00 0
20210916 43.35 41.8 43.35 41.51 122915.85 51670 0.00% -1.34 -3.11% 0.00 0
20210915 43.06 43.14 43.5 42.07 97856.15 41966 0.00% 0.07 0.16% 1.00 0
20210914 42.98 43.07 44.22 42.5 145128.69 62977 0.00% 0.63 1.48% 0.40 0
20210913 43.0 42.44 43.3 41.85 153295.61 64713 0.00% -1.04 -2.39% 0.00 0
20210910 42.96 43.48 43.69 41.83 132166.70 56776 0.00% 0.32 0.74% 0.00 0
20210909 44.5 43.16 44.63 42.01 208417.51 89832 0.00% -1.82 -4.05% 3.00 1
20210908 44.32 44.98 44.99 44.02 122634.55 54529 0.00% 0.39 0.87% 2.00 1
20210907 44.61 44.59 45.0 44.07 111699.30 49644 0.00% -0.12 -0.27% 0.00 0
20210906 44.12 44.71 45.12 43.85 125101.81 55588 0.00% 0.11 0.25% 4.00 2
20210903 46.2 44.6 46.82 43.81 208855.35 93322 0.00% -1.64 -3.55% 0.00 0
20210902 44.8 46.24 47.49 44.66 226002.11 105305 0.00% 2.04 4.62% 2.00 1
20210901 45.4 44.2 45.46 43.83 211962.18 93988 0.00% -1.60 -3.49% 3.00 1
20210831 44.31 45.8 47.28 44.31 163876.93 75045 0.00% 0.62 1.37% 1.00 0
20210830 47.0 45.18 47.1 42.71 418386.17 184674 0.00% -2.62 -5.48% 1.00 0
20210827 51.93 47.8 52.29 45.0 388803.14 187032 0.00% -4.50 -8.60% 3.00 1
20210826 53.72 52.3 54.11 51.82 101657.53 53238 0.00% -1.86 -3.43% 10.00 5
20210825 53.08 54.16 55.65 52.59 85858.49 46557 0.00% -0.54 -0.99% 0.00 0
20210824 55.2 54.7 55.6 54.08 69289.41 37845 0.00% -0.72 -1.30% 0.00 0
20210823 53.0 55.42 55.9 52.18 109437.96 59748 0.00% 2.16 4.06% 0.00 0
20210820 55.67 53.26 55.67 52.6 111101.36 59345 0.00% -2.04 -3.69% 0.00 0
20210819 51.81 55.3 55.84 51.81 153459.55 84159 0.00% 3.75 7.27% 2.00 1
20210818 53.74 51.55 53.89 50.51 143069.00 73814 0.00% -1.75 -3.28% 0.00 0
20210817 55.11 53.3 55.77 52.97 91588.76 49428 0.00% -2.08 -3.76% 0.00 0
20210816 57.0 55.38 57.0 54.25 103230.56 57198 0.00% -0.62 -1.11% 0.00 0
20210813 57.86 56.0 59.35 55.33 131732.90 75122 0.00% -1.10 -1.93% 5.00 3
20210812 59.31 57.1 59.62 56.58 111208.42 64392 0.00% -0.67 -1.16% 0.00 0
20210811 59.0 57.77 59.58 57.3 101979.14 59338 0.00% -0.48 -0.82% 0.00 0
20210810 54.94 58.25 59.77 54.01 155109.47 88518 0.00% 4.05 7.47% 3.00 2
20210809 52.7 54.2 55.55 52.67 98159.77 53247 0.00% 1.50 2.85% 0.00 0
20210806 50.7 52.7 53.48 50.5 131573.93 69063 0.00% 2.49 4.96% 0.00 0
20210805 53.99 50.21 53.99 49.71 159598.49 81101 0.00% -2.69 -5.09% 1.00 1
20210804 55.54 52.9 55.54 52.2 172234.40 91555 0.00% -2.79 -5.01% 4.00 2
20210803 55.73 55.69 56.65 54.88 73335.23 41042 0.00% 0.02 0.04% 1.00 1
20210802 54.38 55.67 56.38 53.34 93084.64 51358 0.00% 0.58 1.05% 0.00 0
20210730 55.67 55.09 56.77 53.98 100159.32 55175 0.00% -0.58 -1.04% 0.00 0
20210729 52.52 55.67 56.4 52.52 122979.87 68019 0.00% 2.97 5.64% 1.00 1
20210728 50.2 52.7 53.63 49.06 217808.13 113340 0.00% 2.69 5.38% 1.00 1
20210727 54.3 50.01 54.3 50.01 199269.17 101810 0.00% -3.97 -7.35% 4.00 2
20210726 57.1 53.98 57.49 53.64 98021.11 53753 0.00% -3.69 -6.40% 0.00 0
20210723 58.05 57.67 59.15 57.21 66886.52 38770 0.00% -0.49 -0.84% 0.00 0
20210722 58.76 58.16 59.1 57.48 62533.49 36377 0.00% -0.50 -0.85% 0.00 0
20210721 59.55 58.66 60.31 58.42 72505.71 43039 0.00% -0.89 -1.49% 46.00 27
20210720 57.8 59.55 59.8 57.58 51093.23 30088 0.00% 0.96 1.64% 0.00 0
20210719 59.23 58.59 59.63 57.7 71964.24 41868 0.00% -1.11 -1.86% 0.00 0
20210716 59.79 59.7 60.16 58.66 71236.08 42197 0.00% -0.28 -0.47% 9.00 5
20210715 58.87 59.98 60.21 57.94 65119.39 38655 0.00% 1.58 2.71% 0.00 0
20210714 60.82 58.4 60.82 57.87 81371.33 47844 0.00% -2.42 -3.98% 0.00 0
20210713 58.44 60.82 61.73 57.9 108582.82 65664 0.00% 2.87 4.95% 0.00 0
20210712 57.31 57.95 59.57 57.31 130044.78 76164 0.00% 0.67 1.17% 0.00 0
20210709 57.16 57.28 58.33 56.22 116851.11 66561 0.00% -0.30 -0.52% 3.00 2
20210708 58.58 57.58 59.98 57.15 140295.81 81481 0.00% -1.83 -3.08% 0.00 0
20210707 60.3 59.41 60.78 57.76 126140.40 74554 0.00% -0.59 -0.98% 0.00 0
20210706 61.05 60.0 61.65 59.18 120849.69 72513 0.00% -1.20 -1.96% 0.00 0
20210705 66.48 61.2 66.8 59.61 155597.56 95620 0.00% -3.71 -5.72% 0.00 0
20210702 68.95 64.91 69.5 63.85 103958.16 68191 0.00% -3.92 -5.70% 0.00 0
20210701 68.55 68.83 70.23 67.55 49923.45 34385 0.00% 0.23 0.34% 0.00 0
20210630 69.19 68.6 69.97 67.46 52798.12 36205 0.00% -0.73 -1.05% 0.00 0
20210629 67.52 69.33 70.13 67.52 66324.27 45933 0.00% 1.43 2.11% 0.00 0
20210628 65.42 67.9 69.5 65.41 91009.68 61931 0.00% 2.02 3.07% 0.00 0
20210625 66.06 65.88 67.09 65.02 64135.55 42085 0.00% -0.27 -0.41% 0.00 0
20210624 66.5 66.15 67.1 65.04 50755.63 33457 0.00% -0.15 -0.23% 0.00 0
20210623 68.31 66.3 68.78 66.02 71265.40 47562 0.00% -1.60 -2.36% 0.00 0
20210622 70.44 67.9 71.0 67.33 59929.42 40792 0.00% -2.10 -3.00% 0.00 0
20210621 68.33 70.0 70.1 67.18 51354.19 35481 0.00% 1.67 2.44% 0.00 0
20210618 70.7 68.33 70.96 68.2 47803.45 32960 0.00% -1.93 -2.75% 0.00 0
20210617 69.97 70.26 70.86 69.21 46890.03 32858 0.00% 0.36 0.52% 0.00 0
20210616 73.59 69.9 73.85 69.0 65732.05 46416 0.00% -3.60 -4.90% 0.00 0
20210615 69.19 73.5 74.66 68.45 149599.83 108200 0.00% 3.69 5.29% 0.00 0
20210611 70.88 69.81 71.49 68.21 100778.19 70144 0.00% -1.29 -1.81% 0.00 0
20210610 69.0 71.1 72.39 68.97 84178.71 60016 0.00% 1.51 2.17% 0.00 0
20210609 70.64 69.59 70.94 69.06 55558.18 38716 0.00% -1.05 -1.49% 0.00 0
20210608 70.44 70.64 71.1 69.38 53960.30 38013 0.00% 0.44 0.63% 0.00 0
20210607 70.0 70.2 70.97 68.68 53233.77 37214 0.00% 0.58 0.83% 0.00 0
20210604 67.9 69.62 70.69 67.57 62790.50 43743 0.00% 1.29 1.89% 0.00 0
20210603 70.5 68.33 71.31 68.01 88676.97 60993 0.00% -2.47 -3.49% 5.00 3
20210602 73.0 70.8 73.22 70.01 84076.49 59455 0.00% -1.93 -2.65% 1.00 1
20210601 73.67 72.73 74.5 71.0 77048.08 56031 0.00% -1.07 -1.45% 0.00 0
20210531 73.21 73.8 74.44 72.65 56646.83 41533 0.00% 0.27 0.37% 3.00 2
20210528 75.02 73.53 76.0 73.16 58828.77 43479 0.00% -2.20 -2.91% 0.00 0
20210527 73.08 75.73 76.38 73.08 64986.85 48973 0.00% 2.17 2.95% 0.00 0
20210526 75.01 73.56 75.88 73.15 59204.09 43746 0.00% -2.32 -3.06% 0.00 0
20210525 74.0 75.88 76.42 73.0 86732.72 65342 0.00% 1.56 2.10% 0.00 0
20210524 71.0 74.32 74.67 71.0 112993.48 83282 0.00% 4.23 6.04% 3.00 2
20210521 71.22 70.09 71.93 69.37 49161.60 34537 0.00% -0.85 -1.20% 0.00 0
20210520 70.14 70.94 71.44 69.81 71501.17 50624 0.00% 0.55 0.78% 0.00 0
20210519 73.28 70.39 73.47 70.0 46448.69 32983 0.00% -1.81 -2.51% 9.00 6
20210518 70.7 72.2 73.59 70.55 106457.34 76731 0.00% 1.48 2.09% 5.00 4
20210517 65.8 70.72 73.01 65.6 178947.78 126753 0.00% 5.56 8.53% 1.00 1
20210514 65.67 65.16 66.34 64.75 68610.03 44814 0.00% -0.24 -0.37% 0.00 0
20210513 64.7 65.4 66.1 63.39 45943.49 29836 0.00% 0.09 0.14% 0.00 0
20210512 64.9 65.31 65.89 63.55 51069.05 33128 0.00% 0.41 0.63% 0.00 0
20210511 66.49 64.9 66.49 64.62 56165.11 36607 0.00% -2.26 -3.37% 0.00 0
20210510 65.15 67.16 67.99 64.17 77441.98 51749 0.00% 2.18 3.35% 0.00 0
20210507 66.9 64.98 67.65 64.72 63598.82 41970 0.00% -1.42 -2.14% 0.00 0
20210506 68.2 66.4 68.2 65.49 92204.44 61393 0.00% -1.65 -2.42% 0.00 0
20210430 68.28 68.05 68.65 67.18 61899.95 41949 0.00% -0.28 -0.41% 2.00 1
20210429 70.3 68.33 70.3 67.5 81138.00 55587 0.00% -2.21 -3.13% 1.00 1
20210428 69.0 70.54 71.58 68.81 109143.79 76534 0.00% 2.52 3.70% 1.00 1
20210427 65.85 68.02 68.92 65.85 122935.71 83551 0.00% 2.12 3.22% 0.00 0
20210426 67.01 65.9 68.78 65.24 187959.51 125137 0.00% 3.02 4.80% 11.00 7
20210423 64.13 62.88 64.13 61.8 60556.24 37929 0.00% -0.72 -1.13% 1.00 1
20210422 63.03 63.6 64.39 62.41 45019.20 28481 0.00% 0.37 0.59% 0.00 0
20210421 63.0 63.23 63.42 62.27 53647.68 33742 0.00% 0.37 0.59% 0.00 0
20210420 60.5 62.86 63.8 60.38 73950.38 46484 0.00% 1.92 3.15% 0.00 0
20210419 58.71 60.94 61.06 58.17 64730.60 39062 0.00% 2.15 3.66% 1.00 1
20210416 60.29 58.79 60.45 58.45 34386.80 20313 0.00% -1.58 -2.62% 0.00 0
20210415 60.41 60.37 60.75 59.38 33662.91 20183 0.00% -0.51 -0.84% 0.00 0
20210414 59.18 60.88 61.35 59.17 35838.91 21763 0.00% 1.32 2.22% 0.00 0
20210413 60.42 59.56 61.38 59.04 51276.31 30725 0.00% -1.24 -2.04% 0.00 0
20210412 62.6 60.8 62.6 60.5 46760.40 28592 0.00% -1.79 -2.86% 0.00 0
20210409 61.82 62.59 62.96 61.6 53233.85 33278 0.00% 0.36 0.58% 0.00 0
20210408 61.91 62.23 62.53 61.49 36907.57 22939 0.00% -0.06 -0.10% 0.00 0
20210407 63.69 62.29 63.82 61.1 81540.42 50629 0.00% -1.63 -2.55% 0.00 0
20210406 63.0 63.92 64.77 63.0 115632.72 74037 0.00% 1.63 2.62% 0.00 0
20210402 61.33 62.29 62.89 60.39 85512.10 52980 0.00% 0.38 0.61% 4.00 2
20210401 58.5 61.91 62.02 57.85 136194.31 83131 0.00% 3.79 6.52% 0.00 0
20210331 58.12 58.12 59.08 57.9 65188.12 38063 0.00% 0.11 0.19% 1.00 1
20210330 57.9 58.01 59.18 57.69 63694.41 37190 0.00% -0.39 -0.67% 8.00 5
20210329 58.65 58.4 59.1 57.45 72085.98 41997 0.00% -0.04 -0.07% 0.00 0
20210326 57.01 58.44 59.66 57.0 106247.82 62392 0.00% 1.44 2.53% 1.00 1
20210325 55.58 57.0 57.8 55.41 57707.17 32773 0.00% 0.45 0.80% 0.00 0
20210324 55.4 56.55 57.25 54.55 97126.71 54609 0.00% 0.70 1.25% 0.00 0
20210323 55.96 55.85 56.46 55.2 53547.64 29935 0.00% 0.25 0.45% 0.00 0
20210322 56.25 55.6 57.48 55.03 86593.97 48300 0.00% -0.81 -1.44% 0.00 0
20210319 57.49 56.41 58.04 56.2 70163.77 39977 0.00% -2.06 -3.52% 2.00 1
20210318 58.46 58.47 58.9 57.67 66586.48 38707 0.00% -0.23 -0.39% 0.00 0
20210317 57.2 58.7 58.91 56.0 107040.40 62004 0.00% 1.93 3.40% 0.00 0
20210316 57.43 56.77 58.99 56.54 96166.13 55520 0.00% -0.65 -1.13% 0.00 0
20210315 59.56 57.42 59.56 56.2 136291.48 78149 0.00% -2.47 -4.12% 0.00 0
20210312 60.68 59.89 60.8 58.66 98539.97 58738 0.00% -0.61 -1.01% 3.00 2
20210311 60.42 60.5 62.0 59.81 103944.72 63141 0.00% 0.29 0.48% 0.00 0
