日期 开盘价 收盘价 最高价 最低价 成交量（手） 成交额（万元） 换手率 涨跌额 涨跌幅（%）
20211108 48.3 47.7 48.93 47.66 232000.10 111628 0.00% -0.79 -1.63% 3.00 1
20211105 47.5 48.49 49.3 47.06 352864.93 170770 0.00% 0.94 1.98% 13.00 6
20211104 47.55 47.55 48.0 46.7 240396.62 113950 0.00% 0.09 0.19% 13.00 6
20211103 46.25 47.46 48.2 46.1 342279.13 162159 0.00% 0.96 2.06% 17.00 8
20211102 45.6 46.5 46.85 45.42 348263.24 161073 0.00% 0.40 0.87% 20.00 9
20211101 48.1 46.1 48.33 45.74 518636.71 240634 0.00% -2.43 -5.01% 13.00 6
20211029 45.66 48.53 49.1 45.4 555966.71 266121 0.00% 2.77 6.05% 70.00 34
20211028 46.03 45.76 46.67 45.11 264435.94 121168 0.00% -0.30 -0.65% 18.00 8
20211027 48.19 46.06 48.19 45.39 500513.18 231747 0.00% -2.13 -4.42% 13.00 6
20211026 45.41 48.19 49.42 45.01 627432.97 300364 0.00% 0.87 1.84% 15.00 7
20211025 46.5 47.32 47.69 46.32 313925.91 148546 0.00% 0.62 1.33% 19.00 9
20211022 46.69 46.7 47.23 46.35 223533.07 104704 0.00% 0.12 0.26% 1.00 0
20211021 46.66 46.58 47.48 46.23 229225.66 107275 0.00% -0.23 -0.49% 0.00 0
20211020 47.55 46.81 47.73 45.18 473203.39 218817 0.00% -0.37 -0.78% 7.00 3
20211019 47.04 47.18 47.85 46.84 272025.61 128554 0.00% -0.09 -0.19% 114.00 54
20211018 47.26 47.27 47.86 46.25 331889.89 156148 0.00% 0.15 0.32% 7.00 3
20211015 47.01 47.12 48.06 46.39 534452.12 251075 0.00% -0.89 -1.85% 26.00 12
20211014 52.38 48.01 52.78 47.9 693238.69 341839 0.00% -4.47 -8.52% 163.00 78
20211013 50.88 52.48 52.98 50.77 245052.71 127626 0.00% 1.08 2.10% 104.00 55
20211012 51.0 51.4 52.24 50.6 327992.80 168920 0.00% -0.04 -0.08% 15.00 8
20211011 53.4 51.44 53.6 51.1 398792.05 207446 0.00% -1.74 -3.27% 6.00 3
20211008 53.86 53.18 54.65 52.74 331244.19 177752 0.00% -0.22 -0.41% 12.00 6
20210930 52.58 53.4 53.88 52.37 283689.78 150933 0.00% 0.77 1.46% 116.00 62
20210929 53.22 52.63 53.6 51.45 378240.54 198898 0.00% -1.05 -1.96% 18.00 9
20210928 54.0 53.68 54.94 53.01 333289.86 179564 0.00% -0.89 -1.63% 73.00 39
20210927 52.2 54.57 55.29 52.19 680408.93 368462 0.00% 2.69 5.19% 106.00 58
20210924 51.76 51.88 53.2 51.46 323535.42 168862 0.00% -0.47 -0.90% 5.00 3
20210923 53.54 52.35 53.93 51.67 495619.02 260076 0.00% -1.17 -2.19% 17.00 9
20210922 51.0 53.52 54.88 50.79 542538.35 287526 0.00% 1.46 2.80% 183.00 98
20210917 48.6 52.06 53.49 47.6 857263.99 439630 0.00% 3.37 6.92% 88.00 46
20210916 45.3 48.69 50.06 44.86 797594.13 380732 0.00% 2.86 6.24% 44.00 21
20210915 46.9 45.83 47.06 45.46 352344.97 162393 0.00% -1.07 -2.28% 11.00 5
20210914 45.51 46.9 47.7 45.46 499195.92 234595 0.00% 1.10 2.40% 89.00 42
20210913 45.17 45.8 47.11 45.02 479301.14 221668 0.00% 0.89 1.98% 70.19 32
20210910 45.19 44.91 45.8 44.31 333715.75 150202 0.00% -0.27 -0.60% 5.00 2
20210909 44.9 45.18 46.0 44.63 398344.17 179815 0.00% 0.37 0.83% 19.00 9
20210908 45.02 44.81 45.35 44.09 387206.19 173361 0.00% -0.20 -0.44% 2.00 1
20210907 44.98 45.01 45.34 43.67 593299.14 264344 0.00% 0.11 0.24% 25.00 11
20210906 41.16 44.9 45.77 40.17 1001591.25 441617 0.00% 3.78 9.19% 53.00 24
20210903 41.06 41.12 41.96 39.87 453279.17 186866 0.00% 0.26 0.64% 18.73 8
20210902 42.41 40.86 43.15 40.78 605323.53 251204 0.00% -1.94 -4.53% 44.00 18
20210901 42.05 42.8 43.3 40.35 800111.39 336146 0.00% 0.60 1.42% 35.00 15
20210831 46.01 42.2 46.09 41.88 922933.36 395743 0.00% -3.80 -8.26% 55.00 23
20210830 47.02 46.0 47.1 44.5 802763.88 363146 0.00% -1.05 -2.23% 101.00 46
20210827 47.96 47.05 49.5 46.72 629428.14 300532 0.00% -1.66 -3.41% 6.00 3
20210826 51.26 48.71 51.29 48.32 454469.27 223151 0.00% -2.25 -4.42% 14.00 7
20210825 49.88 50.96 51.51 49.76 656245.70 333467 0.00% 1.41 2.85% 11.00 6
20210824 46.8 49.55 50.2 46.5 747911.00 363369 0.00% 3.20 6.90% 27.00 13
20210823 47.5 46.35 47.52 45.65 563879.26 261644 0.00% -0.40 -0.86% 13.00 6
20210820 49.5 46.75 49.5 46.28 771706.50 364874 0.00% -3.32 -6.63% 28.00 13
20210819 51.72 50.07 51.88 49.66 434582.76 219027 0.00% -0.63 -1.24% 43.00 22
20210818 52.39 50.7 52.97 50.1 534034.07 273045 0.00% -1.30 -2.50% 24.19 12
20210817 53.28 52.0 54.29 52.0 427430.29 226946 0.00% -1.70 -3.17% 12.00 6
20210816 53.16 53.7 54.22 52.6 282666.66 151379 0.00% 0.76 1.44% 35.00 19
20210813 54.73 52.94 55.29 52.25 555853.13 296576 0.00% -1.84 -3.36% 12.00 6
20210812 54.96 54.78 56.0 54.65 251429.17 138528 0.00% -0.76 -1.37% 26.00 14
20210811 57.75 55.54 58.34 55.14 386043.60 216998 0.00% -2.17 -3.76% 56.00 31
20210810 57.06 57.71 57.98 54.85 438717.61 247326 0.00% 0.64 1.12% 193.00 111
20210809 56.1 57.07 58.55 55.92 278972.82 159496 0.00% 0.97 1.73% 20.00 11
20210806 56.48 56.1 57.47 55.55 260823.07 146743 0.00% -0.40 -0.71% 11.00 6
20210805 57.15 56.5 58.19 56.2 363149.77 207095 0.00% -1.54 -2.65% 15.97 9
20210804 58.2 58.04 59.22 57.03 344401.30 200307 0.00% -1.23 -2.08% 3.00 2
20210803 57.02 59.27 59.75 56.4 429957.38 251530 0.00% 1.52 2.63% 22.00 13
20210802 57.0 57.75 58.27 53.5 622860.88 347712 0.00% -0.95 -1.62% 30.89 18
20210730 60.1 58.7 60.1 57.41 382919.13 224775 0.00% -2.31 -3.79% 5.00 3
20210729 59.21 61.01 61.97 59.0 557474.02 339427 0.00% 3.50 6.09% 38.37 23
20210728 54.53 57.51 58.08 53.28 575285.88 322422 0.00% 2.29 4.15% 2.30 1
20210727 57.14 55.22 57.43 54.42 614416.99 344220 0.00% -1.58 -2.78% 30.00 17
20210726 60.99 56.8 60.99 54.5 1016036.24 582937 0.00% -6.59 -10.40% 24.00 14
20210723 65.0 63.39 65.19 63.0 318657.87 202956 0.00% -2.11 -3.22% 39.00 25
20210722 68.01 65.5 68.43 65.01 313520.06 206960 0.00% -1.83 -2.72% 30.00 20
20210721 66.2 67.33 67.67 65.75 233165.22 156089 0.00% 0.95 1.43% 63.00 42
20210720 65.67 66.38 66.87 65.5 198793.33 131592 0.00% -0.05 -0.08% 57.00 38
20210719 64.99 66.43 66.7 64.05 266211.71 175118 0.00% 1.32 2.03% 38.00 25
20210716 66.16 65.11 66.77 64.6 252101.60 164539 0.00% -1.91 -2.85% 16.00 10
20210715 66.2 67.02 67.5 65.68 238778.97 158884 0.00% 0.36 0.54% 8.00 5
20210714 65.8 66.66 67.95 65.0 303845.52 203270 0.00% 0.36 0.54% 24.00 16
20210713 66.0 66.3 68.1 65.5 227435.96 151172 0.00% 0.30 0.45% 59.00 39
20210712 64.23 66.0 66.58 62.39 361729.28 236630 0.00% 2.17 3.40% 29.00 19
20210709 64.86 63.83 65.7 60.61 423586.86 266028 0.00% -1.05 -1.62% 29.00 19
20210708 68.15 64.88 68.35 64.7 372257.69 244452 0.00% -2.34 -3.48% 13.78 9
20210707 63.93 67.22 68.24 62.74 494823.66 329704 0.00% 3.81 6.01% 30.00 20
20210706 68.8 63.41 69.15 61.1 741288.10 474669 0.00% -5.26 -7.66% 37.00 23
20210705 68.57 68.67 70.2 67.49 288498.93 199878 0.00% 0.39 0.57% 42.00 29
20210702 71.3 68.28 71.3 68.23 343785.35 237753 0.00% -3.00 -4.21% 137.00 94
20210701 71.0 71.28 72.27 70.07 273004.90 194856 0.00% 0.30 0.42% 75.00 53
20210630 69.49 70.98 71.7 69.01 275538.00 195191 0.00% 1.72 2.48% 48.00 34
20210629 70.18 69.26 70.68 68.13 269061.47 185781 0.00% -0.64 -0.92% 22.00 15
20210628 68.27 69.9 70.67 67.28 400265.02 278413 0.00% 2.32 3.43% 63.00 44
20210625 65.26 67.58 68.5 64.91 344609.33 231779 0.00% 2.71 4.18% 71.00 48
20210624 66.49 64.87 66.49 64.0 301390.93 195046 0.00% -20.96 -24.42% 2.00 1
20210623 87.0 85.83 87.53 85.18 238234.20 205759 0.00% -1.47 -1.68% 12.00 10
20210622 82.7 87.3 88.0 81.4 290371.51 248498 0.00% 4.45 5.37% 20.00 17
20210621 82.55 82.85 84.28 81.52 180037.40 148769 0.00% -1.15 -1.37% 10.00 8
20210618 84.14 84.0 85.35 82.11 184625.67 154481 0.00% 1.52 1.84% 4.00 3
20210617 80.9 82.48 84.25 80.09 234241.02 192766 0.00% 1.41 1.74% 6.00 5
20210616 85.0 81.07 86.01 81.0 264631.98 218429 0.00% -3.83 -4.51% 20.00 16
20210615 85.88 84.9 86.45 83.65 151881.39 128973 0.00% -0.99 -1.15% 5.00 4
20210611 87.44 85.89 87.8 85.09 169196.17 145274 0.00% -1.12 -1.29% 20.00 17
20210610 86.3 87.01 88.5 86.26 194781.75 170335 0.00% 1.15 1.34% 18.00 16
20210609 83.01 85.86 86.74 83.01 247485.22 212211 0.00% 1.96 2.34% 14.00 12
20210608 83.9 83.9 86.19 81.9 242355.10 204314 0.00% 0.00 0.00% 133.00 112
20210607 84.8 83.9 84.98 81.41 265636.92 220879 0.00% -1.31 -1.54% 28.00 23
20210604 85.0 85.21 86.5 84.19 139188.74 118721 0.00% -0.29 -0.34% 10.00 9
20210603 84.55 85.5 86.65 83.09 176677.56 150869 0.00% 0.40 0.47% 26.00 22
20210602 86.0 85.1 86.0 84.2 202334.88 172357 0.00% -0.91 -1.06% 14.00 12
20210601 83.8 86.01 86.58 83.08 217297.75 185077 0.00% 2.15 2.56% 16.00 14
20210531 83.5 83.86 84.68 82.15 187470.24 156180 0.00% -0.03 -0.04% 8.00 7
20210528 84.2 83.89 86.34 83.0 229213.73 194348 0.00% -0.12 -0.14% 53.00 44
20210527 81.24 84.01 84.99 80.84 228025.46 191209 0.00% 2.51 3.08% 11.00 9
20210526 82.12 81.5 82.7 81.0 162730.17 132915 0.00% -0.99 -1.20% 35.00 29
20210525 79.07 82.49 82.96 78.97 274391.07 224239 0.00% 3.32 4.19% 19.00 16
20210524 79.76 79.17 80.23 76.81 192539.52 151373 0.00% -0.52 -0.65% 6.00 5
20210521 77.99 79.69 80.1 76.79 245860.67 194034 0.00% 2.03 2.61% 32.00 26
20210520 77.34 77.66 78.48 76.88 187238.83 145384 0.00% -0.56 -0.72% 10.00 8
20210519 77.5 78.22 78.68 76.62 152866.40 118637 0.00% 0.32 0.41% 12.00 9
20210518 77.5 77.9 78.68 76.71 182531.30 141859 0.00% 0.01 0.01% 1.00 1
20210517 74.99 77.89 78.9 74.99 246749.42 191308 0.00% 3.17 4.24% 59.00 46
20210514 74.88 74.72 76.69 73.52 250339.37 188135 0.00% -0.27 -0.36% 60.00 45
20210513 73.5 74.99 75.19 72.2 251492.81 186221 0.00% 0.26 0.35% 10.00 7
20210512 71.9 74.73 75.45 70.8 304458.06 222735 0.00% 2.95 4.11% 114.00 85
20210511 69.2 71.78 72.22 67.25 308755.45 217550 0.00% 2.28 3.28% 5.00 4
20210510 70.01 69.5 71.77 68.4 244902.91 171038 0.00% 0.21 0.30% 10.00 7
20210507 73.5 69.29 73.77 69.29 276989.33 196799 0.00% -3.10 -4.28% 9.00 6
20210506 74.01 72.39 74.57 71.25 307868.06 223872 0.00% -2.09 -2.81% 35.00 25
20210430 74.35 74.48 75.7 74.34 186376.57 139640 0.00% -0.28 -0.37% 23.00 17
20210429 75.0 74.76 76.0 73.21 254001.50 189706 0.00% -0.59 -0.78% 11.00 8
20210428 73.35 75.35 76.0 73.01 336895.04 252340 0.00% 1.37 1.85% 68.00 51
20210427 70.44 73.98 74.23 69.51 444863.15 323262 0.00% 3.55 5.04% 27.00 20
20210426 71.0 70.43 72.77 70.28 494603.97 353182 0.00% -0.20 -0.28% 26.38 19
20210423 66.0 70.63 73.66 65.88 807189.93 561024 0.00% 6.98 10.97% 29.00 20
20210422 64.0 63.65 64.13 61.61 336030.59 211169 0.00% 0.25 0.39% 28.00 18
20210421 61.09 63.4 63.79 60.56 342694.15 213443 0.00% 1.47 2.37% 90.00 57
20210420 60.9 61.93 63.0 60.1 353506.34 217733 0.00% 0.66 1.08% 7.00 4
20210419 59.05 61.27 61.48 58.6 260376.05 158140 0.00% 1.87 3.15% 9.00 6
20210416 60.81 59.4 61.29 58.51 189371.25 113148 0.00% -0.35 -0.59% 26.00 15
20210415 60.13 59.75 60.95 58.86 172281.25 102919 0.00% -0.96 -1.58% 18.00 11
20210414 59.75 60.71 61.7 59.75 205683.60 124985 0.00% 1.06 1.78% 1.00 1
20210413 57.99 59.65 61.08 57.95 358224.03 214386 0.00% 1.62 2.79% 1.00 1
20210412 60.9 58.03 61.3 57.2 412776.54 242128 0.00% -3.27 -5.33% 5.00 3
20210409 61.4 61.3 62.6 60.32 224530.05 137392 0.00% 0.00 0.00% 20.00 12
20210408 60.11 61.3 61.77 60.0 255390.69 155702 0.00% 0.53 0.87% 14.00 9
20210407 62.65 60.77 62.84 60.29 343427.87 210033 0.00% -2.19 -3.48% 31.00 19
20210406 65.0 62.96 65.6 62.42 293478.03 185581 0.00% -1.55 -2.40% 0.00 0
20210402 63.12 64.51 65.08 62.41 330531.99 211706 0.00% 1.51 2.40% 44.77 29
20210401 59.49 63.0 63.15 59.43 366718.81 225994 0.00% 3.75 6.33% 28.00 18
20210331 60.2 59.25 60.42 58.9 284889.86 169337 0.00% -1.52 -2.50% 10.00 6
20210330 60.0 60.77 63.0 59.4 381216.10 233670 0.00% 0.72 1.20% 8.00 5
20210329 61.1 60.05 61.3 58.61 426208.66 256157 0.00% -2.00 -3.22% 16.00 10
20210326 61.2 62.05 62.5 60.2 370020.16 228343 0.00% 1.66 2.75% 0.00 0
20210325 58.8 60.39 61.21 57.97 281586.17 168753 0.00% 0.67 1.12% 17.00 10
20210324 57.56 59.72 60.88 57.56 412346.92 246817 0.00% 1.61 2.77% 20.00 12
20210323 57.17 58.11 58.58 56.9 271439.55 156451 0.00% 0.95 1.66% 13.00 8
20210322 57.38 57.16 57.98 56.4 255570.52 145899 0.00% 0.19 0.33% 4.00 2
20210319 58.5 56.97 58.93 56.02 464331.76 266330 0.00% -3.28 -5.44% 3.00 2
20210318 58.7 60.25 60.48 58.1 391711.27 233350 0.00% 2.15 3.70% 24.00 14
20210317 58.25 58.1 59.51 57.15 387524.74 225571 0.00% -0.58 -0.99% 4.00 2
20210316 58.97 58.68 59.29 55.98 404985.48 234210 0.00% 0.68 1.17% 0.00 0
20210315 60.94 58.0 60.99 57.11 482433.68 281553 0.00% -3.82 -6.18% 23.30 14
20210312 61.49 61.82 61.98 59.53 428812.19 261651 0.00% 1.10 1.81% 19.00 12
20210311 57.21 60.72 62.23 56.78 610081.54 368520 0.00% 3.52 6.15% 34.00 21
