日期 开盘价 收盘价 最高价 最低价 成交量（手） 成交额（万元） 换手率 涨跌额 涨跌幅（%）
20211108 4.17 4.3 4.31 4.17 229491.57 9770 0.00% 0.16 3.86% 0.00 0
20211105 4.32 4.14 4.32 4.14 173781.57 7273 0.00% -0.11 -2.59% 77.00 3
20211104 4.11 4.25 4.3 4.11 216525.40 9142 0.00% 0.11 2.66% 44.00 2
20211103 4.1 4.14 4.24 4.1 152990.00 6364 0.00% -0.01 -0.24% 0.00 0
20211102 4.26 4.15 4.32 4.11 223116.00 9437 0.00% -0.16 -3.71% 0.00 0
20211101 4.12 4.31 4.35 4.1 284303.40 12124 0.00% 0.13 3.11% 0.00 0
20211029 4.11 4.18 4.25 3.97 245221.80 10060 0.00% 0.02 0.48% 11.00 0
20211028 4.37 4.16 4.4 4.1 340620.02 14452 0.00% -0.29 -6.52% 0.00 0
20211027 4.26 4.45 4.67 4.2 493138.70 21850 0.00% 0.25 5.95% 13.00 1
20211026 4.4 4.2 4.4 4.16 203446.40 8656 0.00% -0.09 -2.10% 0.00 0
20211025 4.15 4.29 4.34 4.1 211506.28 8938 0.00% 0.06 1.42% 130.00 6
20211022 4.48 4.23 4.57 4.23 245188.91 10715 0.00% 0.00 0.00% 0.00 0
20211021 4.22 4.23 4.3 4.17 157590.91 6642 0.00% -0.03 -0.70% 0.00 0
20211020 4.27 4.26 4.38 4.18 229913.00 9824 0.00% -0.12 -2.74% 0.00 0
20211019 4.24 4.38 4.52 4.23 252738.02 11118 0.00% 0.09 2.10% 50.00 2
20211018 4.06 4.29 4.29 4.02 173390.00 7258 0.00% 0.08 1.90% 0.00 0
20211015 4.36 4.21 4.58 4.2 276783.20 12089 0.00% 0.02 0.48% 39.00 2
20211014 4.08 4.19 4.3 4.05 187698.60 7901 0.00% 0.10 2.44% 10.00 0
20211013 4.05 4.09 4.12 3.99 105519.42 4283 0.00% 0.02 0.49% 1.00 0
20211012 4.17 4.07 4.19 3.99 121514.00 4946 0.00% -0.08 -1.93% 0.00 0
20211011 4.3 4.15 4.31 4.13 113525.00 4757 0.00% -0.09 -2.12% 88.00 4
20211008 4.2 4.24 4.31 4.2 129789.00 5518 0.00% 0.05 1.19% 0.00 0
20210930 4.08 4.19 4.21 4.08 115550.00 4810 0.00% 0.13 3.20% 0.00 0
20210929 4.16 4.06 4.27 4.05 145126.00 6041 0.00% -0.16 -3.79% 0.00 0
20210928 4.1 4.22 4.25 4.09 153537.39 6432 0.00% 0.07 1.69% 30.00 1
20210927 4.37 4.15 4.42 4.05 307596.40 12926 0.00% -0.35 -7.78% 0.00 0
20210924 4.47 4.5 4.58 4.43 217894.60 9849 0.00% -0.02 -0.44% 0.00 0
20210923 4.58 4.52 4.69 4.5 291862.20 13345 0.00% -0.02 -0.44% 0.00 0
20210922 4.74 4.54 4.74 4.38 465835.90 21144 0.00% -0.30 -6.20% 0.00 0
20210917 4.83 4.84 5.09 4.79 335397.71 16456 0.00% -0.04 -0.82% 30.00 1
20210916 5.11 4.88 5.21 4.87 543388.20 27388 0.00% -0.30 -5.79% 37.00 2
20210915 5.2 5.18 5.46 5.17 811075.72 42991 0.00% 0.19 3.81% 40.00 2
20210914 4.75 4.99 5.0 4.71 447437.09 21869 0.00% 0.20 4.18% 16.00 1
20210913 4.84 4.79 4.85 4.69 199879.20 9509 0.00% -0.03 -0.62% 0.00 0
20210910 4.94 4.82 4.94 4.76 274052.49 13257 0.00% -0.13 -2.63% 2.00 0
20210909 4.92 4.95 5.07 4.87 293035.50 14523 0.00% -0.03 -0.60% 169.00 8
20210908 5.0 4.98 5.17 4.93 351707.00 17705 0.00% 0.06 1.22% 21.00 1
20210907 4.9 4.92 4.96 4.85 277808.90 13612 0.00% 0.01 0.20% 0.00 0
20210906 5.01 4.91 5.14 4.78 376335.20 18433 0.00% -0.14 -2.77% 0.00 0
20210903 5.15 5.05 5.35 5.0 539267.00 27851 0.00% -0.15 -2.88% 0.00 0
20210902 4.71 5.2 5.25 4.68 667929.87 33914 0.00% 0.43 9.01% 0.00 0
20210901 5.08 4.77 5.2 4.77 481895.28 23757 0.00% -0.39 -7.56% 88.00 4
20210831 5.2 5.16 5.4 5.09 374578.00 19550 0.00% -0.08 -1.53% 30.00 2
20210830 5.01 5.24 5.46 4.94 459773.08 24035 0.00% 0.18 3.56% 0.00 0
20210827 5.08 5.06 5.35 5.03 424462.60 21900 0.00% -0.08 -1.56% 15.00 1
20210826 4.99 5.14 5.44 4.99 559834.68 29064 0.00% 0.09 1.78% 0.00 0
20210825 5.13 5.05 5.2 4.96 441165.00 22183 0.00% -0.08 -1.56% 10.00 1
20210824 5.44 5.13 5.54 5.07 650851.20 34238 0.00% -0.32 -5.87% 0.00 0
20210823 4.82 5.45 5.59 4.81 740509.82 39003 0.00% 0.55 11.22% 28.00 2
20210820 4.97 4.9 5.11 4.86 299632.12 14870 0.00% -0.13 -2.58% 0.00 0
20210819 5.12 5.03 5.18 4.85 418800.96 20943 0.00% -0.19 -3.64% 0.00 0
20210818 5.5 5.22 5.56 5.11 577183.92 30486 0.00% -0.43 -7.61% 0.00 0
20210817 5.81 5.65 6.07 5.65 466181.45 27134 0.00% -0.22 -3.75% 0.00 0
20210816 5.7 5.87 6.03 5.7 402924.83 23609 0.00% 0.14 2.44% 0.00 0
20210813 5.71 5.73 5.87 5.65 394853.60 22670 0.00% -0.15 -2.55% 37.00 2
20210812 6.02 5.88 6.34 5.82 586550.64 35463 0.00% 0.03 0.51% 2.00 0
20210811 5.71 5.85 5.98 5.63 491779.41 28519 0.00% 0.02 0.34% 9.00 1
20210810 5.65 5.83 6.02 5.61 533525.85 31141 0.00% 0.10 1.75% 50.00 3
20210809 5.63 5.73 5.78 5.49 369955.83 20933 0.00% 0.09 1.60% 0.00 0
20210806 5.86 5.64 5.98 5.62 476543.00 27472 0.00% -0.06 -1.05% 7.00 0
20210805 5.92 5.7 6.0 5.6 651025.33 37315 0.00% -0.39 -6.40% 23.00 1
20210804 6.12 6.09 6.18 5.85 652229.82 39299 0.00% -0.11 -1.77% 21.00 1
20210803 6.1 6.2 6.32 5.94 848624.80 51952 0.00% 0.15 2.48% 15.00 1
20210802 6.11 6.05 6.35 5.96 922958.07 56508 0.00% -0.25 -3.97% 65.00 4
20210730 6.44 6.3 6.6 6.13 1460136.10 92480 0.00% 0.24 3.96% 8.00 1
20210729 5.47 6.06 6.06 5.47 500898.12 29614 0.00% 1.01 20.00% 0.00 0
20210728 5.25 5.05 5.39 4.9 589066.73 30354 0.00% -0.37 -6.83% 82.00 4
20210727 5.93 5.42 6.07 5.34 872983.00 49767 0.00% -0.42 -7.19% 0.00 0
20210726 5.5 5.84 6.1 5.23 1081868.64 61419 0.00% 0.63 12.09% 272.00 16
20210723 5.1 5.21 5.47 4.99 795200.91 41696 0.00% 0.13 2.56% 41.00 2
20210722 4.74 5.08 5.27 4.7 635781.91 32018 0.00% 0.28 5.83% 241.00 12
20210721 4.66 4.8 4.83 4.64 381338.40 18075 0.00% 0.14 3.00% 43.00 2
20210720 4.73 4.66 4.87 4.63 443595.30 20850 0.00% -0.21 -4.31% 0.00 0
20210719 4.87 4.87 5.07 4.8 392799.96 19397 0.00% -0.09 -1.81% 56.00 3
20210716 5.04 4.96 5.18 4.92 536462.49 27094 0.00% -0.18 -3.50% 27.00 1
20210715 4.92 5.14 5.3 4.88 673843.00 34319 0.00% 0.17 3.42% 5.00 0
20210714 5.18 4.97 5.23 4.96 676655.06 34225 0.00% -0.33 -6.23% 51.00 3
20210713 4.9 5.3 5.66 4.81 1062914.54 56095 0.00% 0.33 6.64% 0.00 0
20210712 4.87 4.97 5.12 4.77 815290.54 40407 0.00% 0.14 2.90% 71.00 4
20210709 4.53 4.83 4.93 4.5 673091.35 31680 0.00% 0.23 5.00% 146.00 7
20210708 4.75 4.6 4.88 4.6 593639.69 28088 0.00% -0.25 -5.15% 56.00 3
20210707 4.73 4.85 4.95 4.53 737356.81 34911 0.00% 0.11 2.32% 57.00 3
20210706 5.07 4.74 5.25 4.68 734551.63 35771 0.00% -0.12 -2.47% 78.00 4
20210705 4.72 4.86 4.92 4.61 770650.21 36863 0.00% 0.12 2.53% 22.00 1
20210702 4.31 4.74 4.95 4.25 995579.58 46164 0.00% 0.44 10.23% 15.00 1
20210701 4.7 4.3 4.78 4.27 682852.89 31090 0.00% -0.53 -10.97% 66.00 3
20210630 4.5 4.83 5.3 4.49 1025026.61 49380 0.00% -0.04 -0.82% 0.00 0
20210629 4.7 4.87 5.07 4.47 1130613.83 53501 0.00% 0.38 8.46% 0.00 0
20210628 4.59 4.49 4.84 4.41 1036222.90 47023 0.00% -0.26 -5.47% 77.00 3
20210625 4.9 4.75 5.33 4.72 1635668.56 81970 0.00% 0.31 6.98% 45.00 2
20210624 4.06 4.44 4.44 4.06 476825.07 21030 0.00% 0.74 20.00% 0.00 0
20210623 3.74 3.7 3.85 3.66 176842.49 6583 0.00% -0.04 -1.07% 0.00 0
20210622 3.63 3.74 3.79 3.61 250049.12 9316 0.00% 0.11 3.03% 0.00 0
20210621 3.53 3.63 3.63 3.52 135716.62 4880 0.00% 0.06 1.68% 6.00 0
20210618 3.51 3.57 3.59 3.45 120873.00 4253 0.00% 0.04 1.13% 6.00 0
20210617 3.55 3.53 3.63 3.52 113525.00 4038 0.00% -0.06 -1.67% 0.00 0
20210616 3.53 3.59 3.63 3.47 148694.32 5287 0.00% 0.06 1.70% 10.00 0
20210615 3.57 3.53 3.58 3.48 113251.00 3986 0.00% -0.06 -1.67% 0.00 0
20210611 3.57 3.59 3.61 3.53 131729.67 4717 0.00% 0.03 0.84% 1.00 0
20210610 3.51 3.56 3.58 3.5 120590.45 4277 0.00% 0.04 1.14% 0.00 0
20210609 3.55 3.52 3.58 3.5 110573.89 3919 0.00% -0.04 -1.12% 0.00 0
20210608 3.5 3.56 3.56 3.48 110637.82 3891 0.00% 0.06 1.71% 8.00 0
20210607 3.5 3.5 3.52 3.44 109117.00 3798 0.00% 0.02 0.57% 0.00 0
20210604 3.56 3.48 3.59 3.47 157263.04 5515 0.00% -0.07 -1.97% 0.00 0
20210603 3.56 3.55 3.67 3.54 289201.20 10388 0.00% -0.12 -3.27% 0.00 0
20210602 3.45 3.67 3.95 3.45 480271.56 17812 0.00% 0.24 7.00% 0.00 0
20210601 3.4 3.43 3.48 3.39 78386.66 2692 0.00% 0.01 0.29% 0.00 0
20210531 3.4 3.42 3.43 3.35 61762.20 2095 0.00% 0.05 1.48% 0.00 0
20210528 3.45 3.37 3.46 3.35 85083.00 2893 0.00% -0.08 -2.32% 0.00 0
20210527 3.4 3.45 3.48 3.38 95397.60 3284 0.00% 0.04 1.17% 0.00 0
20210526 3.39 3.41 3.43 3.36 82006.47 2790 0.00% 0.02 0.59% 0.00 0
20210525 3.37 3.39 3.39 3.33 65366.07 2194 0.00% 0.01 0.30% 0.00 0
20210524 3.38 3.38 3.4 3.34 56747.00 1918 0.00% 0.03 0.90% 0.00 0
20210521 3.3 3.35 3.39 3.3 68718.00 2311 0.00% 0.03 0.90% 3.00 0
20210520 3.36 3.32 3.39 3.29 71604.00 2377 0.00% -0.07 -2.06% 0.00 0
20210519 3.37 3.39 3.42 3.35 65249.20 2212 0.00% 0.00 0.00% 0.00 0
20210518 3.25 3.39 3.44 3.25 96861.20 3258 0.00% 0.10 3.04% 0.00 0
20210517 3.4 3.29 3.41 3.28 95992.00 3197 0.00% -0.12 -3.52% 0.00 0
20210514 3.32 3.41 3.44 3.31 117087.00 3965 0.00% 0.09 2.71% 88.00 3
20210513 3.35 3.32 3.4 3.32 68395.20 2295 0.00% -0.05 -1.48% 0.00 0
20210512 3.36 3.37 3.39 3.33 63690.00 2142 0.00% -0.02 -0.59% 0.00 0
20210511 3.29 3.39 3.41 3.27 93860.00 3154 0.00% 0.03 0.89% 0.00 0
20210510 3.45 3.36 3.53 3.35 151511.00 5156 0.00% 0.06 1.82% 0.00 0
20210507 3.25 3.3 3.31 3.22 82542.00 2703 0.00% 0.07 2.17% 0.00 0
20210506 3.19 3.23 3.26 3.16 48982.00 1582 0.00% 0.04 1.25% 0.00 0
20210430 3.24 3.19 3.26 3.16 81308.06 2602 0.00% -0.06 -1.85% 0.00 0
20210429 3.27 3.25 3.31 3.24 64843.00 2123 0.00% -0.02 -0.61% 0.00 0
20210428 3.37 3.27 3.37 3.27 112645.66 3719 0.00% -0.14 -4.11% 0.00 0
20210427 3.39 3.41 3.5 3.35 110746.86 3793 0.00% 0.02 0.59% 0.00 0
20210426 3.41 3.39 3.47 3.35 93033.94 3179 0.00% -0.01 -0.29% 0.00 0
20210423 3.48 3.4 3.48 3.35 110900.92 3753 0.00% -0.06 -1.73% 0.00 0
20210422 3.48 3.46 3.54 3.45 77202.00 2689 0.00% -0.04 -1.14% 0.00 0
20210421 3.59 3.5 3.59 3.48 95300.20 3350 0.00% -0.09 -2.51% 0.00 0
20210420 3.57 3.59 3.67 3.56 110579.00 3990 0.00% 0.00 0.00% 10.00 0
20210419 3.59 3.59 3.63 3.54 104034.19 3736 0.00% 0.02 0.56% 0.00 0
20210416 3.47 3.57 3.57 3.45 88077.00 3115 0.00% 0.10 2.88% 1.00 0
20210415 3.54 3.47 3.55 3.46 77231.00 2693 0.00% -0.09 -2.53% 0.00 0
20210414 3.45 3.56 3.59 3.41 104510.00 3660 0.00% 0.11 3.19% 0.00 0
20210413 3.5 3.45 3.53 3.42 118339.88 4116 0.00% -0.06 -1.71% 0.00 0
20210412 3.66 3.51 3.66 3.48 163809.02 5832 0.00% -0.15 -4.10% 0.00 0
20210409 3.69 3.66 3.72 3.63 112530.00 4130 0.00% -0.05 -1.35% 0.00 0
20210408 3.78 3.71 3.8 3.69 158031.00 5887 0.00% -0.09 -2.37% 0.00 0
20210407 3.83 3.8 3.84 3.76 150366.00 5704 0.00% -0.05 -1.30% 0.00 0
20210406 3.74 3.85 3.87 3.67 186444.20 7070 0.00% 0.14 3.77% 44.00 2
20210402 3.8 3.71 3.81 3.7 174241.33 6503 0.00% -0.11 -2.88% 0.00 0
20210401 3.91 3.82 3.95 3.76 251832.20 9591 0.00% -0.11 -2.80% 0.00 0
20210331 3.66 3.93 4.05 3.65 364774.70 14189 0.00% 0.20 5.36% 15.00 1
20210330 3.91 3.73 3.93 3.72 235648.20 8878 0.00% -0.19 -4.85% 0.00 0
20210329 3.99 3.92 4.0 3.88 143619.00 5630 0.00% 0.01 0.26% 0.00 0
20210326 3.82 3.91 4.01 3.8 254503.00 10006 0.00% 0.11 2.89% 0.00 0
20210325 4.11 3.8 4.11 3.75 318434.08 12372 0.00% -0.28 -6.86% 39.00 1
20210324 4.03 4.08 4.13 3.97 227011.25 9201 0.00% -0.02 -0.49% 0.00 0
20210323 4.21 4.1 4.25 3.99 373416.94 15286 0.00% -0.14 -3.30% 0.00 0
20210322 3.95 4.24 4.33 3.88 496531.94 20664 0.00% 0.31 7.89% 15.00 1
20210319 3.88 3.93 4.05 3.88 204294.50 8079 0.00% 0.00 0.00% 0.00 0
20210318 4.04 3.93 4.11 3.92 252161.27 10078 0.00% -0.11 -2.72% 15.00 1
20210317 4.12 4.04 4.18 4.03 280731.20 11463 0.00% -0.14 -3.35% 0.00 0
20210316 4.05 4.18 4.21 3.98 399370.25 16435 0.00% 0.15 3.72% 0.00 0
20210315 3.96 4.03 4.18 3.93 311798.28 12629 0.00% 0.05 1.26% 0.00 0
20210312 3.9 3.98 4.08 3.86 397405.62 15828 0.00% 0.08 2.05% 12.00 0
20210311 3.78 3.9 3.97 3.74 446229.61 17281 0.00% 0.03 0.78% 0.00 0
