日期 开盘价 收盘价 最高价 最低价 成交量（手） 成交额（万元） 换手率 涨跌额 涨跌幅（%）
20211108 8.3 8.37 8.38 8.16 24803.39 2054 0.00% 0.09 1.09% 0.00 0
20211105 8.35 8.28 8.53 8.26 41211.00 3446 0.00% -0.14 -1.66% 0.00 0
20211104 8.68 8.42 8.75 8.32 82333.32 6950 0.00% -0.37 -4.21% 0.00 0
20211103 7.71 8.79 9.15 7.7 136968.32 11859 0.00% 1.13 14.75% 5.00 0
20211102 7.86 7.66 7.93 7.57 29867.00 2304 0.00% -0.20 -2.54% 0.00 0
20211101 7.82 7.86 7.9 7.7 23294.00 1819 0.00% 0.06 0.77% 0.00 0
20211029 7.67 7.8 7.92 7.52 35384.00 2744 0.00% 0.13 1.69% 0.00 0
20211028 8.01 7.67 8.2 7.6 73207.68 5699 0.00% -0.98 -11.33% 0.00 0
20211027 8.96 8.65 8.99 8.6 29042.00 2524 0.00% -0.34 -3.78% 0.00 0
20211026 9.01 8.99 9.07 8.98 11672.00 1051 0.00% -0.02 -0.22% 0.00 0
20211025 9.15 9.01 9.18 8.98 20500.00 1853 0.00% -0.12 -1.31% 0.00 0
20211022 9.13 9.13 9.19 9.11 10635.00 972 0.00% 0.00 0.00% 0.00 0
20211021 9.25 9.13 9.26 9.11 14917.00 1370 0.00% -0.09 -0.98% 0.00 0
20211020 9.4 9.22 9.4 9.19 22050.00 2034 0.00% -0.15 -1.60% 0.00 0
20211019 9.31 9.37 9.39 9.26 12869.00 1203 0.00% 0.04 0.43% 0.00 0
20211018 9.51 9.33 9.56 9.2 23563.00 2189 0.00% -0.17 -1.79% 0.00 0
20211015 9.65 9.5 9.66 9.49 19486.18 1857 0.00% -0.15 -1.55% 0.00 0
20211014 9.75 9.65 9.75 9.55 14476.00 1392 0.00% -0.04 -0.41% 0.00 0
20211013 9.62 9.69 9.71 9.56 14246.55 1372 0.00% 0.04 0.41% 0.00 0
20211012 9.79 9.65 9.79 9.56 23654.50 2287 0.00% -0.14 -1.43% 0.00 0
20211011 9.86 9.79 9.96 9.77 16655.01 1639 0.00% -0.08 -0.81% 0.00 0
20211008 9.79 9.87 9.88 9.72 18549.68 1823 0.00% 0.16 1.65% 0.00 0
20210930 9.7 9.71 9.78 9.63 17304.20 1684 0.00% 0.06 0.62% 0.00 0
20210929 9.93 9.65 10.01 9.61 33721.64 3303 0.00% -0.28 -2.82% 0.00 0
20210928 10.0 9.93 10.03 9.91 23327.00 2322 0.00% -0.07 -0.70% 0.00 0
20210927 10.2 10.0 10.29 9.9 43532.00 4391 0.00% -0.30 -2.91% 0.00 0
20210924 10.11 10.3 10.59 10.02 78040.00 8048 0.00% 0.15 1.48% 0.00 0
20210923 10.1 10.15 10.24 10.0 35054.00 3562 0.00% 0.00 0.00% 0.00 0
20210922 10.08 10.15 10.25 9.98 32335.22 3278 0.00% 0.01 0.10% 0.00 0
20210917 9.96 10.14 10.18 9.82 49940.92 5016 0.00% 0.22 2.22% 10.00 1
20210916 9.96 9.92 10.06 9.9 26703.54 2661 0.00% -0.02 -0.20% 0.00 0
20210915 10.05 9.94 10.06 9.89 31454.92 3131 0.00% -0.14 -1.39% 0.00 0
20210914 10.13 10.08 10.25 10.02 31080.00 3154 0.00% -0.13 -1.27% 0.00 0
20210913 10.15 10.21 10.31 10.15 38577.54 3945 0.00% 0.15 1.49% 4.00 0
20210910 10.16 10.06 10.21 10.06 29650.00 3003 0.00% -0.11 -1.08% 25.00 3
20210909 10.25 10.17 10.27 10.12 31681.00 3221 0.00% -0.08 -0.78% 0.00 0
20210908 10.25 10.25 10.33 10.18 33660.02 3445 0.00% 0.00 0.00% 0.00 0
20210907 10.18 10.25 10.28 10.15 35720.00 3649 0.00% -0.01 -0.10% 0.00 0
20210906 10.43 10.26 10.55 10.22 64709.02 6678 0.00% 0.01 0.10% 0.00 0
20210903 10.0 10.25 10.26 9.97 52485.22 5335 0.00% 0.28 2.81% 0.00 0
20210902 9.95 9.97 9.98 9.84 23880.68 2367 0.00% 0.04 0.40% 0.00 0
20210901 9.83 9.93 9.96 9.81 25861.00 2557 0.00% 0.06 0.61% 0.00 0
20210831 9.97 9.87 10.07 9.82 32495.00 3215 0.00% -0.09 -0.90% 0.00 0
20210830 10.02 9.96 10.11 9.93 32861.00 3290 0.00% -0.07 -0.70% 0.00 0
20210827 10.16 10.03 10.16 9.98 33131.96 3323 0.00% -0.13 -1.28% 0.00 0
20210826 10.27 10.16 10.27 10.09 33185.00 3368 0.00% -0.15 -1.45% 0.00 0
20210825 10.15 10.31 10.33 10.07 35025.00 3586 0.00% 0.17 1.68% 0.00 0
20210824 10.1 10.14 10.23 10.07 25476.00 2586 0.00% 0.00 0.00% 0.00 0
20210823 10.06 10.14 10.23 10.01 26867.00 2720 0.00% 0.09 0.90% 0.00 0
20210820 10.12 10.05 10.17 9.97 27964.09 2802 0.00% -0.08 -0.79% 0.00 0
20210819 10.19 10.13 10.3 10.13 22383.00 2288 0.00% -0.09 -0.88% 0.00 0
20210818 10.06 10.22 10.23 10.06 25302.43 2568 0.00% 0.15 1.49% 0.00 0
20210817 10.45 10.07 10.45 10.02 52193.01 5319 0.00% -0.35 -3.36% 5.00 1
20210816 10.41 10.42 10.53 10.38 33800.35 3534 0.00% -0.01 -0.10% 0.00 0
20210813 10.48 10.43 10.58 10.33 34595.00 3615 0.00% -0.06 -0.57% 0.00 0
20210812 10.41 10.49 10.56 10.4 34471.67 3618 0.00% 0.02 0.19% 0.00 0
20210811 10.63 10.47 10.65 10.42 54378.12 5714 0.00% -0.20 -1.87% 0.00 0
20210810 10.6 10.67 10.77 10.51 42837.69 4556 0.00% 0.06 0.57% 40.00 4
20210809 10.55 10.61 10.78 10.5 44932.64 4783 0.00% 0.00 0.00% 0.00 0
20210806 10.85 10.61 10.85 10.46 75499.35 7999 0.00% -0.30 -2.75% 0.00 0
20210805 11.13 10.91 11.35 10.88 79308.19 8762 0.00% -0.24 -2.15% 0.00 0
20210804 11.24 11.15 11.25 10.92 107568.03 11899 0.00% -0.29 -2.53% 0.00 0
20210803 10.7 11.44 11.46 10.7 162776.11 18260 0.00% 0.66 6.12% 0.00 0
20210802 10.84 10.78 11.17 10.66 95895.04 10405 0.00% 0.14 1.32% 0.00 0
20210730 10.18 10.64 10.85 9.97 103787.00 10877 0.00% 0.40 3.91% 0.00 0
20210729 10.28 10.24 10.31 10.1 52554.92 5359 0.00% -0.02 -0.19% 0.00 0
20210728 9.9 10.26 10.45 9.58 74032.00 7481 0.00% 0.33 3.32% 0.00 0
20210727 10.2 9.93 10.28 9.92 47083.09 4727 0.00% -0.26 -2.55% 0.00 0
20210726 10.47 10.19 10.52 10.13 49065.00 5031 0.00% -0.37 -3.50% 0.00 0
20210723 10.39 10.56 10.59 10.14 76448.01 7921 0.00% 0.14 1.34% 0.00 0
20210722 10.54 10.42 10.59 10.36 41934.19 4366 0.00% -0.14 -1.33% 0.00 0
20210721 10.42 10.56 10.73 10.35 51537.23 5463 0.00% 0.22 2.13% 0.00 0
20210720 10.36 10.34 10.57 10.3 42332.00 4403 0.00% 0.04 0.39% 0.00 0
20210719 10.31 10.3 10.38 10.11 48996.00 5007 0.00% -0.09 -0.87% 0.00 0
20210716 10.5 10.39 10.53 10.3 42285.00 4400 0.00% -0.11 -1.05% 0.00 0
20210715 11.06 10.5 11.07 10.34 87939.04 9297 0.00% -0.62 -5.58% 2.00 0
20210714 11.18 11.12 11.29 11.05 40081.00 4477 0.00% -0.09 -0.80% 0.00 0
20210713 11.24 11.21 11.29 11.08 39931.71 4468 0.00% 0.03 0.27% 0.00 0
20210712 10.81 11.18 11.4 10.8 77690.47 8688 0.00% 0.36 3.33% 2.00 0
20210709 10.76 10.82 10.89 10.58 39233.00 4204 0.00% 0.06 0.56% 0.00 0
20210708 11.19 10.76 11.22 10.68 84326.00 9185 0.00% -0.47 -4.19% 0.00 0
20210707 11.14 11.23 11.33 11.03 32726.09 3675 0.00% 0.04 0.36% 0.00 0
20210706 11.38 11.19 11.38 11.02 58404.47 6513 0.00% -0.23 -2.01% 0.00 0
20210705 11.21 11.42 11.43 11.18 35664.02 4030 0.00% 0.20 1.78% 0.00 0
20210702 11.76 11.22 11.76 11.18 68221.00 7770 0.00% -0.54 -4.59% 8.00 1
20210701 11.86 11.76 12.1 11.75 66200.00 7913 0.00% -0.10 -0.84% 0.00 0
20210630 11.91 11.86 12.07 11.75 60229.01 7144 0.00% -0.11 -0.92% 0.00 0
20210629 11.56 11.97 12.17 11.55 102729.26 12268 0.00% 0.41 3.55% 0.00 0
20210628 11.67 11.56 11.83 11.46 61732.00 7168 0.00% -0.16 -1.37% 36.00 4
20210625 11.69 11.72 12.0 11.57 104349.00 12226 0.00% -0.32 -2.66% 0.00 0
20210624 12.44 12.04 13.21 12.02 169323.01 21199 0.00% -0.04 -0.33% 20.00 2
20210623 11.93 12.08 12.16 11.82 59600.00 7164 0.00% 0.15 1.26% 0.00 0
20210622 12.22 11.93 12.23 11.92 67412.01 8121 0.00% -0.23 -1.89% 0.00 0
20210621 11.83 12.16 12.36 11.61 117080.96 14196 0.00% 0.33 2.79% 0.00 0
20210618 11.57 11.83 11.84 11.39 62899.29 7340 0.00% 0.23 1.98% 0.00 0
20210617 11.68 11.6 11.79 11.32 78670.55 9071 0.00% -0.08 -0.68% 0.00 0
20210616 11.71 11.68 11.94 11.5 116164.02 13726 0.00% -0.03 -0.26% 16.00 2
20210615 11.53 11.71 11.94 11.49 131845.97 15496 0.00% 0.11 0.95% 10.00 1
20210611 11.2 11.6 11.63 11.02 105225.53 11955 0.00% 0.38 3.39% 13.00 2
20210610 11.36 11.22 11.39 11.13 52233.00 5849 0.00% -0.13 -1.15% 0.00 0
20210609 11.23 11.35 11.44 11.17 67197.00 7616 0.00% 0.10 0.89% 8.00 1
20210608 11.05 11.25 11.34 11.05 51426.53 5770 0.00% 0.09 0.81% 0.00 0
20210607 11.36 11.16 11.42 11.08 64629.96 7216 0.00% -0.10 -0.89% 0.00 0
20210604 11.31 11.26 11.38 11.12 59809.04 6740 0.00% 0.07 0.63% 0.00 0
20210603 11.25 11.19 11.45 11.18 67467.00 7609 0.00% -0.13 -1.15% 0.00 0
20210602 11.7 11.32 11.76 11.29 99122.00 11315 0.00% -0.29 -2.50% 0.00 0
20210601 11.79 11.61 11.9 11.51 143513.01 16712 0.00% -0.16 -1.36% 9.00 1
20210531 11.15 11.77 11.98 11.14 252851.01 29268 0.00% 0.81 7.39% 37.00 4
20210528 11.23 10.96 11.23 10.83 87525.51 9624 0.00% -0.27 -2.40% 0.00 0
20210527 11.14 11.23 11.25 11.01 94034.98 10479 0.00% 0.09 0.81% 0.00 0
20210526 10.87 11.14 11.18 10.85 109250.43 12096 0.00% 0.17 1.55% 0.00 0
20210525 10.74 10.97 11.05 10.7 102082.01 11195 0.00% 0.25 2.33% 0.00 0
20210524 10.88 10.72 10.92 10.57 55333.01 5904 0.00% -0.15 -1.38% 0.00 0
20210521 10.8 10.87 10.95 10.73 59854.54 6485 0.00% 0.11 1.02% 0.00 0
20210520 10.7 10.76 11.02 10.7 58643.40 6361 0.00% -0.11 -1.01% 0.00 0
20210519 10.65 10.87 11.11 10.59 79848.41 8696 0.00% 0.22 2.07% 2.00 0
20210518 10.83 10.65 10.86 10.5 69839.98 7414 0.00% -0.25 -2.29% 0.00 0
20210517 10.76 10.9 11.23 10.71 118975.04 13113 0.00% 0.11 1.02% 0.00 0
20210514 10.71 10.79 10.88 10.67 71352.00 7694 0.00% 0.06 0.56% 0.00 0
20210513 10.28 10.73 10.95 10.24 111977.02 11997 0.00% 0.40 3.87% 0.00 0
20210512 10.24 10.33 10.39 10.12 44280.02 4559 0.00% 0.09 0.88% 0.00 0
20210511 10.67 10.24 10.73 10.08 88668.02 9138 0.00% -0.56 -5.19% 7.00 1
20210510 10.71 10.8 10.97 10.67 57020.00 6160 0.00% 0.09 0.84% 0.00 0
20210507 10.83 10.71 10.96 10.63 61538.00 6595 0.00% -0.25 -2.28% 9.00 1
20210506 11.11 10.96 11.11 10.75 80013.00 8740 0.00% -0.14 -1.26% 0.00 0
20210430 10.61 11.1 11.11 10.61 109914.59 12061 0.00% 0.45 4.23% 10.00 1
20210429 10.81 10.65 10.93 10.61 75126.47 8072 0.00% -0.21 -1.93% 3.00 0
20210428 11.04 10.86 11.05 10.8 79621.53 8682 0.00% -0.27 -2.43% 0.00 0
20210427 11.0 11.13 11.28 10.78 114990.12 12682 0.00% 0.00 0.00% 0.00 0
20210426 10.9 11.13 11.49 10.82 187198.00 20964 0.00% 0.40 3.73% 7.00 1
20210423 10.6 10.73 10.95 10.41 83748.62 8971 0.00% 0.10 0.94% 0.00 0
20210422 10.65 10.63 10.71 10.52 56309.03 5961 0.00% 0.05 0.47% 0.00 0
20210421 10.86 10.58 10.94 10.55 87730.11 9449 0.00% -0.20 -1.86% 0.00 0
20210420 10.91 10.78 11.04 10.76 70938.06 7723 0.00% -0.18 -1.64% 0.00 0
20210419 10.78 10.96 11.06 10.59 80787.04 8790 0.00% 0.22 2.05% 0.00 0
20210416 10.67 10.74 10.93 10.51 76497.02 8190 0.00% -0.04 -0.37% 9.00 1
20210415 10.25 10.78 11.09 10.13 119841.00 12786 0.00% 0.54 5.27% 0.00 0
20210414 10.18 10.24 10.28 10.1 25841.02 2635 0.00% 0.02 0.20% 56.00 6
20210413 10.22 10.22 10.31 10.13 24215.01 2480 0.00% 0.01 0.10% 0.00 0
20210412 10.51 10.21 10.54 10.11 42256.00 4359 0.00% -0.29 -2.76% 0.00 0
20210409 10.28 10.5 10.53 10.25 58209.00 6066 0.00% 0.22 2.14% 0.00 0
20210408 10.36 10.28 10.37 10.25 29541.00 3047 0.00% -0.08 -0.77% 0.00 0
20210407 10.3 10.36 10.37 10.22 37523.00 3866 0.00% 0.07 0.68% 0.00 0
20210406 10.23 10.29 10.3 10.15 34055.98 3492 0.00% 0.06 0.59% 7.00 1
20210402 10.11 10.23 10.25 10.11 36810.00 3753 0.00% 0.11 1.09% 0.00 0
20210401 10.06 10.12 10.16 10.06 24679.01 2497 0.00% 0.01 0.10% 0.00 0
20210331 10.25 10.11 10.27 10.02 28009.09 2830 0.00% -0.06 -0.59% 0.00 0
20210330 10.14 10.17 10.25 10.05 28640.00 2912 0.00% 0.01 0.10% 7.00 1
20210329 10.19 10.16 10.26 10.1 32258.03 3285 0.00% 0.00 0.00% 0.00 0
20210326 10.05 10.16 10.18 9.98 36852.01 3715 0.00% 0.15 1.50% 0.00 0
20210325 10.04 10.01 10.1 9.97 19438.00 1949 0.00% -0.03 -0.30% 0.00 0
20210324 10.02 10.04 10.09 9.99 24417.01 2449 0.00% 0.02 0.20% 0.00 0
20210323 10.26 10.02 10.26 9.98 41733.00 4212 0.00% -0.23 -2.24% 0.00 0
20210322 10.27 10.25 10.29 10.13 29348.05 3001 0.00% 0.02 0.20% 0.00 0
20210319 10.12 10.23 10.34 10.03 29652.00 3027 0.00% 0.01 0.10% 0.00 0
20210318 10.32 10.22 10.32 10.17 33383.00 3412 0.00% -0.11 -1.06% 7.00 1
20210317 10.18 10.33 10.35 10.1 43039.52 4417 0.00% 0.23 2.28% 0.00 0
20210316 10.02 10.1 10.11 9.93 30120.00 3023 0.00% 0.10 1.00% 0.00 0
20210315 10.16 10.0 10.16 9.98 36573.00 3674 0.00% -0.10 -0.99% 0.00 0
20210312 10.25 10.1 10.25 9.98 37418.00 3770 0.00% -0.14 -1.37% 0.00 0
20210311 10.15 10.24 10.25 10.0 33590.01 3416 0.00% 0.12 1.19% 0.00 0
