日期 开盘价 收盘价 最高价 最低价 成交量（手） 成交额（万元） 换手率 涨跌额 涨跌幅（%）
20211108 27.85 28.2 28.32 27.6 4616.00 1298 0.00% 0.34 1.22% 0.00 0
20211105 27.6 27.86 28.13 27.52 5019.10 1399 0.00% 0.20 0.72% 0.00 0
20211104 27.3 27.66 27.69 27.01 3095.00 849 0.00% 0.47 1.73% 0.00 0
20211103 27.15 27.19 27.36 26.83 3705.67 1004 0.00% 0.07 0.26% 0.00 0
20211102 28.0 27.12 28.14 26.89 4659.86 1273 0.00% -0.68 -2.45% 0.00 0
20211101 27.3 27.8 28.1 27.15 4260.86 1181 0.00% 0.57 2.09% 0.00 0
20211029 26.73 27.23 27.37 26.23 4624.00 1252 0.00% 0.49 1.83% 0.00 0
20211028 27.24 26.74 27.25 26.0 6405.09 1699 0.00% -0.50 -1.84% 0.00 0
20211027 28.63 27.24 28.88 26.81 8129.00 2238 0.00% -1.41 -4.92% 0.00 0
20211026 28.46 28.65 28.96 28.46 3565.15 1022 0.00% 0.20 0.70% 0.00 0
20211025 28.95 28.45 29.2 28.4 5239.49 1495 0.00% -0.50 -1.73% 0.00 0
20211022 28.97 28.95 29.31 28.91 3605.45 1047 0.00% -0.02 -0.07% 0.00 0
20211021 29.49 28.97 29.61 28.95 4877.07 1421 0.00% -0.60 -2.03% 0.00 0
20211020 30.07 29.57 30.19 29.54 4718.91 1402 0.00% -0.49 -1.63% 0.00 0
20211019 29.69 30.06 30.16 29.63 4082.21 1223 0.00% 0.32 1.08% 0.00 0
20211018 29.6 29.74 29.89 29.55 3480.26 1032 0.00% 0.03 0.10% 0.00 0
20211015 30.34 29.71 30.35 29.63 3691.42 1105 0.00% -0.49 -1.62% 0.00 0
20211014 29.8 30.2 30.29 29.56 4478.85 1347 0.00% 0.36 1.21% 0.00 0
20211013 29.7 29.84 29.91 29.41 3055.00 906 0.00% 0.41 1.39% 0.00 0
20211012 29.8 29.43 30.32 29.0 4953.55 1463 0.00% -0.67 -2.23% 0.00 0
20211011 30.02 30.1 30.55 30.0 3440.36 1038 0.00% -0.07 -0.23% 0.00 0
20211008 29.9 30.17 30.62 29.9 3484.36 1051 0.00% 0.41 1.38% 8.00 2
20210930 28.85 29.76 29.9 28.85 3488.43 1036 0.00% 0.19 0.64% 0.00 0
20210929 29.8 29.57 29.94 29.51 5991.19 1777 0.00% -0.55 -1.83% 0.00 0
20210928 30.09 30.12 30.4 30.01 4599.00 1386 0.00% 0.02 0.07% 0.00 0
20210927 31.4 30.1 31.49 30.08 9773.64 2967 0.00% -1.20 -3.83% 0.00 0
20210924 32.01 31.3 32.12 31.18 11747.50 3694 0.00% -0.45 -1.42% 0.00 0
20210923 32.1 31.75 32.17 31.67 9175.00 2923 0.00% -0.07 -0.22% 0.00 0
20210922 31.99 31.82 32.5 31.66 9251.61 2951 0.00% -0.65 -2.00% 0.00 0
20210917 33.23 32.47 33.6 31.85 12284.14 4008 0.00% -0.93 -2.78% 0.00 0
20210916 33.45 33.4 34.3 33.01 17063.21 5747 0.00% -0.33 -0.98% 0.00 0
20210915 31.87 33.73 34.67 31.87 27014.06 9070 0.00% 1.88 5.90% 0.00 0
20210914 32.24 31.85 32.51 31.82 7507.86 2413 0.00% -0.69 -2.12% 0.00 0
20210913 32.09 32.54 32.7 31.4 10546.63 3366 0.00% 0.45 1.40% 0.00 0
20210910 32.42 32.09 32.44 31.9 7946.69 2550 0.00% -0.33 -1.02% 0.00 0
20210909 33.14 32.42 33.17 32.4 8588.97 2807 0.00% -0.56 -1.70% 0.00 0
20210908 32.88 32.98 33.25 32.73 10329.12 3401 0.00% 0.00 0.00% 0.00 0
20210907 32.52 32.98 33.26 32.3 12446.50 4100 0.00% 0.46 1.41% 0.00 0
20210906 31.9 32.52 32.86 31.75 9011.78 2910 0.00% 0.61 1.91% 0.00 0
20210903 32.3 31.91 33.08 31.9 10850.27 3522 0.00% -0.34 -1.05% 0.00 0
20210902 31.61 32.25 32.29 31.6 8053.00 2577 0.00% 0.36 1.13% 0.00 0
20210901 32.52 31.89 32.87 31.31 12551.35 4027 0.00% -0.71 -2.18% 0.00 0
20210831 32.22 32.6 32.68 31.62 18331.45 5893 0.00% 0.22 0.68% 0.00 0
20210830 34.59 32.38 34.78 32.3 31199.04 10374 0.00% -2.42 -6.95% 0.00 0
20210827 35.82 34.8 35.98 34.8 16954.00 5973 0.00% -1.24 -3.44% 0.00 0
20210826 35.5 36.04 36.42 34.91 25578.50 9111 0.00% 0.29 0.81% 0.00 0
20210825 35.54 35.75 36.69 34.56 20132.82 7202 0.00% 0.10 0.28% 0.00 0
20210824 35.86 35.65 37.26 35.46 14715.15 5315 0.00% -0.15 -0.42% 0.00 0
20210823 34.81 35.8 36.12 34.63 15957.64 5681 0.00% 1.30 3.77% 0.00 0
20210820 35.48 34.5 35.95 34.1 13465.22 4671 0.00% -1.07 -3.01% 0.00 0
20210819 35.3 35.57 35.72 34.35 12455.27 4372 0.00% 0.09 0.25% 0.00 0
20210818 34.6 35.48 35.9 34.6 11479.42 4064 0.00% 0.57 1.63% 0.00 0
20210817 36.0 34.91 36.65 34.87 17345.90 6188 0.00% -1.60 -4.38% 0.00 0
20210816 37.75 36.51 38.0 36.5 22393.83 8273 0.00% -1.60 -4.20% 0.00 0
20210813 37.68 38.11 38.99 36.82 30915.21 11665 0.00% 0.97 2.61% 11.00 4
20210812 38.1 37.14 38.1 36.5 22185.46 8239 0.00% -1.02 -2.67% 0.00 0
20210811 39.31 38.16 39.31 37.2 25681.87 9708 0.00% -0.33 -0.86% 0.00 0
20210810 39.65 38.49 39.85 38.0 39367.34 15233 0.00% -0.86 -2.19% 0.00 0
20210809 35.96 39.35 41.0 35.6 53331.64 20806 0.00% 3.83 10.78% 0.00 0
20210806 37.11 35.52 37.18 34.0 36238.85 12872 0.00% -3.10 -8.03% 0.00 0
20210805 37.67 38.62 39.0 37.05 38237.66 14690 0.00% 0.97 2.58% 0.00 0
20210804 36.0 37.65 37.8 35.8 26089.94 9689 0.00% 1.89 5.29% 0.00 0
20210803 36.88 35.76 37.4 35.67 22849.87 8300 0.00% -1.34 -3.61% 0.00 0
20210802 35.88 37.1 37.58 35.72 23162.33 8549 0.00% 1.07 2.97% 0.00 0
20210730 34.92 36.03 36.37 34.81 22202.24 7962 0.00% 0.91 2.59% 3.00 1
20210729 33.98 35.12 36.01 33.98 21874.90 7715 0.00% 1.37 4.06% 0.00 0
20210728 35.13 33.75 35.52 32.64 21145.64 7152 0.00% -2.01 -5.62% 0.00 0
20210727 36.98 35.76 37.94 35.0 25847.07 9477 0.00% -1.60 -4.28% 0.00 0
20210726 38.19 37.36 38.8 35.9 27794.61 10428 0.00% -0.54 -1.42% 0.00 0
20210723 39.39 37.9 39.39 37.5 30763.75 11696 0.00% -1.08 -2.77% 0.00 0
20210722 39.93 38.98 39.93 38.18 44665.29 17389 0.00% -1.14 -2.84% 10.00 4
20210721 35.67 40.12 41.05 35.67 71799.37 27915 0.00% 4.53 12.73% 0.00 0
20210720 36.0 35.59 36.5 35.19 37964.62 13527 0.00% -1.47 -3.97% 5.00 2
20210719 39.0 37.06 41.0 36.89 60568.71 23516 0.00% -0.94 -2.47% 0.00 0
20210716 36.25 38.0 38.88 35.06 54025.18 20277 0.00% 1.65 4.54% 0.00 0
20210715 35.03 36.35 38.88 34.88 60408.60 22317 0.00% 0.70 1.96% 0.00 0
20210714 33.07 35.65 36.5 32.9 48469.79 16949 0.00% 2.40 7.22% 0.00 0
20210713 33.04 33.25 33.32 32.6 11946.76 3929 0.00% 0.20 0.61% 0.00 0
20210712 34.14 33.05 34.15 32.95 16000.76 5339 0.00% -0.55 -1.64% 0.00 0
20210709 32.33 33.6 33.68 32.33 17866.90 5942 0.00% 0.88 2.69% 0.00 0
20210708 33.38 32.72 33.57 32.65 12690.55 4194 0.00% -0.66 -1.98% 0.00 0
20210707 32.82 33.38 33.47 32.6 12324.10 4077 0.00% 0.40 1.21% 0.00 0
20210706 32.98 32.98 33.63 32.82 15173.37 5030 0.00% -0.01 -0.03% 0.00 0
20210705 31.65 32.99 33.15 31.65 14130.33 4598 0.00% 1.35 4.27% 0.00 0
20210702 31.75 31.64 32.46 31.51 8112.71 2585 0.00% -0.27 -0.85% 0.00 0
20210701 32.91 31.91 32.93 31.82 14335.65 4634 0.00% -1.14 -3.45% 0.00 0
20210630 32.83 33.05 33.2 32.55 12408.95 4075 0.00% 0.22 0.67% 0.00 0
20210629 33.54 32.83 33.73 32.63 15642.73 5161 0.00% -0.56 -1.68% 0.00 0
20210628 34.5 33.39 34.5 33.21 24830.20 8359 0.00% -1.35 -3.89% 0.00 0
20210625 33.5 34.74 35.05 32.61 40344.92 13816 0.00% 1.31 3.92% 5.00 2
20210624 31.99 33.43 34.6 31.99 33000.77 11020 0.00% 1.45 4.53% 2.00 1
20210623 31.5 31.98 32.02 31.21 12921.00 4094 0.00% 0.63 2.01% 0.00 0
20210622 31.03 31.35 31.5 31.03 8052.78 2519 0.00% 0.32 1.03% 0.00 0
20210621 30.9 31.03 31.3 30.75 6619.63 2054 0.00% 0.12 0.39% 0.00 0
20210618 30.5 30.91 30.98 30.2 7847.23 2402 0.00% 0.68 2.25% 0.00 0
20210617 30.28 30.23 30.42 30.08 5519.73 1667 0.00% -0.05 -0.17% 0.00 0
20210616 30.5 30.28 30.69 30.1 5220.00 1585 0.00% -0.20 -0.66% 0.00 0
20210615 31.11 30.48 31.3 30.35 9562.50 2928 0.00% -0.63 -2.03% 0.00 0
20210611 31.84 31.11 32.46 30.99 16164.67 5118 0.00% -0.64 -2.02% 2.00 1
20210610 31.85 31.75 32.0 31.45 10435.50 3301 0.00% -0.24 -0.75% 0.00 0
20210609 30.78 31.99 32.08 30.78 16517.33 5219 0.00% 1.13 3.66% 0.00 0
20210608 31.18 30.86 31.37 30.79 6087.09 1882 0.00% -0.34 -1.09% 0.00 0
20210607 31.03 31.2 31.5 31.01 5691.07 1776 0.00% 0.03 0.10% 0.00 0
20210604 31.2 31.17 31.59 31.08 8156.10 2553 0.00% -0.24 -0.76% 0.00 0
20210603 31.58 31.41 32.36 31.4 10108.87 3218 0.00% -0.01 -0.03% 0.00 0
20210602 31.6 31.42 31.8 31.2 8610.16 2710 0.00% -0.31 -0.98% 0.00 0
20210601 31.5 31.73 31.84 31.26 9664.67 3059 0.00% 0.15 0.47% 0.00 0
20210531 30.81 31.58 31.69 30.6 12886.56 4045 0.00% 0.77 2.50% 0.00 0
20210528 31.15 30.81 31.29 30.65 7973.00 2461 0.00% -0.39 -1.25% 0.00 0
20210527 31.03 31.2 31.4 30.83 9232.71 2869 0.00% -0.03 -0.10% 0.00 0
20210526 30.0 31.23 31.79 30.0 17570.25 5453 0.00% 1.15 3.82% 0.00 0
20210525 30.01 30.08 30.26 29.83 6955.50 2088 0.00% 0.06 0.20% 0.00 0
20210524 30.32 30.02 30.5 29.8 5915.43 1781 0.00% -0.30 -0.99% 0.00 0
20210521 30.15 30.32 30.6 30.15 5869.08 1784 0.00% 0.15 0.50% 0.00 0
20210520 30.2 30.17 30.53 30.14 4947.80 1496 0.00% -0.19 -0.63% 0.00 0
20210519 30.32 30.36 30.66 30.11 7258.21 2204 0.00% 0.01 0.03% 0.00 0
20210518 30.2 30.35 30.73 30.2 6511.00 1981 0.00% 0.00 0.00% 0.00 0
20210517 30.6 30.35 30.6 29.7 10645.73 3194 0.00% -0.40 -1.30% 21.00 6
20210514 30.55 30.75 30.82 30.48 7281.86 2235 0.00% 0.24 0.79% 0.00 0
20210513 30.4 30.51 30.87 30.26 6346.07 1943 0.00% -0.03 -0.10% 0.00 0
20210512 30.09 30.54 30.55 30.09 5958.51 1809 0.00% 0.12 0.39% 3.00 1
20210511 29.77 30.42 30.45 29.67 7571.00 2281 0.00% 0.52 1.74% 0.00 0
20210510 30.13 29.9 30.35 29.88 7216.86 2174 0.00% -0.25 -0.83% 0.00 0
20210507 30.58 30.15 30.69 30.15 5978.50 1814 0.00% -0.08 -0.26% 0.00 0
20210506 30.1 30.23 30.63 30.03 6227.51 1887 0.00% 0.02 0.07% 0.00 0
20210430 32.53 30.21 32.59 30.07 18810.90 5838 0.00% -2.27 -6.99% 0.00 0
20210429 33.09 32.48 33.2 32.48 8107.07 2663 0.00% -0.61 -1.84% 0.00 0
20210428 33.6 33.09 33.6 32.9 7652.22 2532 0.00% -0.37 -1.11% 0.00 0
20210427 33.04 33.46 33.92 33.04 10341.24 3462 0.00% 0.56 1.70% 0.00 0
20210426 33.02 32.9 33.46 32.85 7016.35 2322 0.00% -0.23 -0.69% 0.00 0
20210423 33.9 33.13 34.0 33.01 9705.94 3231 0.00% -0.57 -1.69% 0.00 0
20210422 33.6 33.7 34.28 33.6 6689.62 2264 0.00% -0.12 -0.35% 0.00 0
20210421 33.84 33.82 34.11 33.35 7720.06 2604 0.00% -0.01 -0.03% 0.00 0
20210420 34.3 33.83 34.54 33.8 10759.36 3666 0.00% -0.53 -1.54% 0.00 0
20210419 33.8 34.36 34.69 33.8 9596.90 3292 0.00% 0.47 1.39% 0.00 0
20210416 33.32 33.89 33.98 33.32 6309.38 2131 0.00% 0.45 1.35% 0.00 0
20210415 34.01 33.44 34.25 33.26 8425.32 2829 0.00% -0.72 -2.11% 0.00 0
20210414 33.78 34.16 34.27 33.4 7507.25 2547 0.00% 0.47 1.40% 0.00 0
20210413 33.43 33.69 33.91 33.2 7708.60 2590 0.00% 0.17 0.51% 0.00 0
20210412 35.29 33.52 35.37 33.52 18894.02 6475 0.00% -1.88 -5.31% 0.00 0
20210409 35.0 35.4 35.47 34.33 21622.93 7569 0.00% -1.27 -3.46% 0.00 0
20210408 35.9 36.67 36.97 35.74 25701.69 9370 0.00% 0.75 2.09% 0.00 0
20210407 35.45 35.92 36.16 35.17 15673.33 5600 0.00% 0.38 1.07% 2.00 1
20210406 34.51 35.54 35.55 34.51 11001.98 3877 0.00% 0.86 2.48% 14.00 5
20210402 34.29 34.68 35.2 34.25 10539.81 3658 0.00% 0.39 1.14% 0.00 0
20210401 34.81 34.29 35.0 34.21 11001.72 3785 0.00% -0.57 -1.64% 0.00 0
20210331 34.91 34.86 35.2 34.62 8094.77 2826 0.00% -0.17 -0.49% 0.00 0
20210330 34.87 35.03 35.3 34.32 11846.13 4121 0.00% 0.12 0.34% 0.00 0
20210329 36.07 34.91 36.35 34.74 13853.87 4926 0.00% -1.16 -3.22% 0.00 0
20210326 35.76 36.07 36.13 35.05 13196.03 4693 0.00% 0.30 0.84% 0.00 0
20210325 36.8 35.77 37.66 35.77 14388.95 5224 0.00% -1.11 -3.01% 0.00 0
20210324 36.27 36.88 37.28 35.75 17953.36 6548 0.00% 0.60 1.65% 0.00 0
20210323 37.7 36.28 38.13 36.26 22621.28 8388 0.00% -1.58 -4.17% 5.00 2
20210322 37.07 37.86 38.35 36.7 25418.82 9565 0.00% 0.86 2.32% 0.00 0
20210319 36.03 37.0 37.8 36.0 24665.89 9185 0.00% 0.06 0.16% 0.00 0
20210318 36.88 36.94 37.94 36.62 18815.57 7004 0.00% 0.03 0.08% 0.00 0
20210317 36.94 36.91 37.2 35.8 20125.36 7340 0.00% -0.07 -0.19% 0.00 0
20210316 37.5 36.98 37.5 36.5 29078.98 10730 0.00% -1.17 -3.07% 0.00 0
20210315 34.9 38.15 39.19 34.75 45819.27 16970 0.00% 2.67 7.53% 0.00 0
20210312 34.75 35.48 36.88 34.68 31339.32 11234 0.00% 0.58 1.66% 2.00 1
20210311 35.42 34.9 35.49 34.25 18928.73 6588 0.00% -0.45 -1.27% 0.00 0
