日期 开盘价 收盘价 最高价 最低价 成交量（手） 成交额（万元） 换手率 涨跌额 涨跌幅（%）
20211108 116.37 116.8 118.74 115.35 94484.51 110868 0.00% 0.00 0.00%
20211105 120.18 116.8 120.89 116.78 131074.57 154774 0.00% -0.20 -0.17%
20211104 114.1 117.0 117.83 112.5 170491.48 196556 0.00% 3.12 2.74%
20211103 119.0 113.88 120.0 112.12 162597.04 186813 0.00% -2.57 -2.21%
20211102 115.6 116.45 120.77 115.27 222729.34 263037 0.00% 0.55 0.47%
20211101 113.58 115.9 117.8 112.9 227784.57 264095 0.00% 6.14 5.59%
20211029 106.8 109.76 110.35 105.6 119528.95 129619 0.00% 1.76 1.63%
20211028 106.12 108.0 110.43 105.1 161181.86 175049 0.00% 1.90 1.79%
20211027 106.0 106.1 108.0 103.55 177667.16 187701 0.00% 5.06 5.01%
20211026 101.5 101.04 101.99 99.7 67754.66 68336 0.00% -1.16 -1.14%
20211025 98.15 102.2 102.7 97.54 106378.20 107168 0.00% 4.20 4.29%
20211022 98.89 98.0 100.5 97.77 77316.05 76736 0.00% -1.08 -1.09%
20211021 100.88 99.08 101.28 98.0 76905.52 76033 0.00% -1.92 -1.90%
20211020 101.52 101.0 102.49 99.92 63393.96 64149 0.00% -0.20 -0.20%
20211019 98.5 101.2 103.37 98.23 120907.08 123296 0.00% 2.20 2.22%
20211018 98.0 99.0 99.88 97.0 69675.34 68739 0.00% 0.22 0.22%
20211015 96.69 98.78 100.63 95.51 126766.29 125271 0.00% 1.80 1.86%
20211014 96.76 96.98 97.5 96.1 47025.97 45505 0.00% 0.21 0.22%
20211013 96.5 96.77 97.8 95.09 62816.11 60398 0.00% -0.19 -0.20%
20211012 98.0 96.96 98.7 95.7 62561.99 60613 0.00% -1.45 -1.47%
20211011 95.32 98.41 100.4 94.97 116867.24 115132 0.00% 2.61 2.72%
20211008 96.04 95.8 97.52 94.4 79558.91 76388 0.00% 2.14 2.28%
20210930 93.21 93.66 94.45 92.67 72975.01 68400 0.00% 0.45 0.48%
20210929 94.6 93.21 96.08 93.02 101459.46 95338 0.00% -2.21 -2.32%
20210928 96.67 95.42 98.83 94.46 88867.01 85666 0.00% -1.73 -1.78%
20210927 96.5 97.15 99.14 95.91 94756.59 92182 0.00% 1.25 1.30%
20210924 96.5 95.9 98.92 95.88 93725.34 90930 0.00% -1.22 -1.26%
20210923 95.5 97.12 99.45 94.58 128517.39 125471 0.00% 2.37 2.50%
20210922 95.03 94.75 97.37 94.12 113237.16 107873 0.00% -2.14 -2.21%
20210917 97.56 96.89 98.41 92.51 195238.53 184762 0.00% -0.68 -0.70%
20210916 101.08 97.57 102.9 97.32 121666.78 120755 0.00% -3.54 -3.50%
20210915 103.79 101.11 103.8 100.19 108176.87 109800 0.00% -2.61 -2.52%
20210914 106.1 103.72 106.99 102.7 123106.71 128517 0.00% -2.38 -2.24%
20210913 109.3 106.1 109.4 104.2 115219.34 121887 0.00% -2.70 -2.48%
20210910 107.0 108.8 111.2 104.95 152000.56 163996 0.00% 0.79 0.73%
20210909 106.96 108.01 110.4 105.46 144298.86 156014 0.00% 1.06 0.99%
20210908 114.01 106.95 114.28 106.86 212373.82 231960 0.00% -6.13 -5.42%
20210907 112.51 113.08 115.38 111.19 116950.43 132329 0.00% 0.59 0.52%
20210906 112.01 112.49 113.5 111.01 115306.76 129761 0.00% 0.39 0.35%
20210903 113.55 112.1 116.08 110.63 125894.03 142121 0.00% -1.10 -0.97%
20210902 117.67 113.2 119.19 112.65 145005.83 166352 0.00% -4.47 -3.80%
20210901 119.95 117.67 121.02 113.5 154394.09 180637 0.00% -1.68 -1.41%
20210831 124.96 119.35 124.96 116.01 249208.56 299779 0.00% -4.82 -3.88%
20210830 111.8 124.17 124.17 111.5 408862.67 500262 0.00% 11.29 10.00%
20210827 111.6 112.88 115.6 110.08 126500.96 143089 0.00% 0.99 0.88%
20210826 114.41 111.89 116.4 111.38 124407.49 140228 0.00% -3.13 -2.72%
20210825 115.69 115.02 116.88 113.76 155915.59 179643 0.00% 0.62 0.54%
20210824 109.1 114.4 114.95 109.1 240063.37 270881 0.00% 5.40 4.95%
20210823 102.14 109.0 110.88 102.14 225044.65 241615 0.00% 7.20 7.07%
20210820 103.0 101.8 103.79 99.57 129042.36 131261 0.00% -1.32 -1.28%
20210819 104.2 103.12 104.66 101.5 136245.10 140886 0.00% 0.20 0.19%
20210818 105.6 102.92 107.88 101.1 171012.02 176433 0.00% -3.22 -3.03%
20210817 108.5 106.14 112.59 105.8 183450.42 198933 0.00% -1.45 -1.35%
20210816 108.5 107.59 111.18 107.3 182593.96 199077 0.00% 1.29 1.21%
20210813 110.0 106.3 111.5 105.76 201179.11 216253 0.00% -5.58 -4.99%
20210812 107.0 111.88 114.11 106.89 206194.36 229689 0.00% 4.48 4.17%
20210811 109.3 107.4 110.8 106.8 170163.71 184818 0.00% -2.92 -2.65%
20210810 109.37 110.32 110.86 107.5 181759.71 198051 0.00% 0.81 0.74%
20210809 114.01 109.51 117.01 107.6 304378.97 335884 0.00% -5.09 -4.44%
20210806 110.96 114.6 117.8 109.53 330454.50 378597 0.00% 6.00 5.52%
20210805 108.0 108.6 111.1 107.33 226902.18 247806 0.00% -0.91 -0.83%
20210804 107.59 109.51 111.5 107.02 282712.01 309802 0.00% 3.14 2.95%
20210803 113.46 106.37 115.81 105.59 404452.16 441520 0.00% -5.73 -5.11%
20210802 111.0 112.1 117.5 109.14 474259.13 536477 0.00% 2.78 2.54%
20210730 102.0 109.32 111.03 101.48 558196.48 596172 0.00% 7.84 7.73%
20210729 93.9 101.48 101.48 92.94 442365.43 440046 0.00% 9.23 10.01%
20210728 92.88 92.25 96.79 88.88 303278.43 280983 0.00% -2.17 -2.30%
20210727 88.58 94.42 96.12 88.01 440464.73 413441 0.00% 7.04 8.06%
20210726 90.66 87.38 91.69 85.6 176858.02 156260 0.00% -1.06 -1.20%
20210723 90.9 88.44 90.9 88.04 156800.13 139273 0.00% -2.87 -3.14%
20210722 93.78 91.31 94.3 88.0 261497.37 238393 0.00% -2.98 -3.16%
20210721 94.85 94.29 95.88 93.1 142434.32 135036 0.00% 0.04 0.04%
20210720 92.95 94.25 94.29 92.11 83733.91 78291 0.00% 0.45 0.48%
20210719 92.66 93.8 94.56 91.3 116994.39 109081 0.00% 0.51 0.55%
20210716 95.6 93.29 97.2 93.01 160436.81 151468 0.00% -2.91 -3.02%
20210715 96.5 96.2 98.64 95.52 152518.26 147438 0.00% -1.38 -1.41%
20210714 100.0 97.58 102.8 97.27 165895.18 166252 0.00% -2.60 -2.60%
20210713 99.9 100.18 102.69 99.0 185060.74 186777 0.00% 0.22 0.22%
20210712 100.99 99.96 102.5 98.23 176251.53 176877 0.00% 0.17 0.17%
20210709 100.0 99.79 101.6 97.79 185896.13 184617 0.00% -2.11 -2.07%
20210708 101.0 101.9 105.16 99.0 251405.28 256571 0.00% 0.89 0.88%
20210707 98.1 101.01 101.19 95.95 253367.96 251281 0.00% 1.61 1.62%
20210706 105.0 99.4 106.69 97.33 383233.84 386436 0.00% -1.55 -1.54%
20210705 96.99 100.95 101.4 95.1 429688.94 425593 0.00% 8.74 9.48%
20210702 95.89 92.21 96.0 91.87 188759.30 175341 0.00% -3.74 -3.90%
20210701 96.79 95.95 97.58 94.5 222113.11 214157 0.00% -0.95 -0.98%
20210630 90.88 96.9 99.5 90.8 364126.32 348088 0.00% 6.43 7.11%
20210629 93.21 90.47 93.68 90.25 163404.25 149141 0.00% -2.74 -2.94%
20210628 94.11 93.21 94.48 92.29 175510.64 163327 0.00% -0.64 -0.68%
20210625 93.09 93.85 95.45 92.31 167947.20 157664 0.00% 1.15 1.24%
20210624 95.02 92.7 95.05 92.25 207181.90 193339 0.00% -3.00 -3.13%
20210623 95.04 95.7 99.2 95.01 264515.22 256775 0.00% -0.10 -0.10%
20210622 98.35 95.8 98.8 94.5 199772.86 190999 0.00% -2.53 -2.57%
20210621 99.0 98.33 100.88 96.93 245164.42 241099 0.00% -2.63 -2.60%
20210618 100.02 100.96 103.5 98.2 308874.87 311954 0.00% 2.04 2.06%
20210617 93.0 98.92 100.0 92.3 361326.33 350411 0.00% 6.63 7.18%
20210616 96.35 92.29 97.89 91.5 193678.60 183417 0.00% -3.08 -3.23%
20210615 92.96 95.37 97.9 92.5 236100.96 225921 0.00% 2.67 2.88%
20210611 93.84 92.7 94.21 91.55 183707.33 170792 0.00% -0.32 -0.34%
20210610 89.5 93.02 93.83 89.01 219092.39 200922 0.00% 3.33 3.71%
20210609 89.3 89.69 90.8 87.8 115471.33 103469 0.00% 0.79 0.89%
20210608 89.3 88.9 91.16 88.1 181648.61 162733 0.00% 1.34 1.53%
20210607 88.5 87.56 89.6 87.19 142261.88 125396 0.00% 0.59 0.68%
20210604 85.5 86.97 88.52 85.14 116330.49 101276 0.00% 1.29 1.51%
20210603 85.48 85.68 87.63 85.0 92909.10 80380 0.00% 0.19 0.22%
20210602 87.27 85.49 87.6 85.16 98270.60 84487 0.00% -2.11 -2.41%
20210601 87.0 87.6 89.3 86.2 123121.92 108146 0.00% 0.05 0.06%
20210531 88.49 87.55 89.45 86.75 111252.43 97474 0.00% -0.28 -0.32%
20210528 90.0 87.83 90.0 87.47 105714.79 93521 0.00% -1.17 -1.31%
20210527 86.27 89.0 91.4 85.7 181629.84 161988 0.00% 2.86 3.32%
20210526 87.75 86.14 88.5 85.87 83690.43 72648 0.00% -1.66 -1.89%
20210525 84.14 87.8 87.91 83.33 170803.62 146972 0.00% 4.23 5.06%
20210524 83.21 83.57 84.08 81.95 104973.18 86929 0.00% -0.33 -0.39%
20210521 86.35 83.9 86.6 83.9 91198.01 77062 0.00% -2.31 -2.68%
20210520 86.05 86.21 87.22 85.56 53820.25 46413 0.00% -0.19 -0.22%
20210519 84.3 86.4 88.15 83.98 97758.38 84645 0.00% 1.29 1.52%
20210518 85.23 85.11 86.21 84.68 59179.21 50440 0.00% -1.39 -1.61%
20210517 83.99 86.5 87.53 83.99 140324.05 121255 0.00% 2.70 3.22%
20210514 82.65 83.8 83.83 81.18 105040.80 86717 0.00% 1.48 1.80%
20210513 82.0 82.32 83.78 81.65 72135.18 59537 0.00% -0.70 -0.84%
20210512 80.5 83.02 83.68 80.01 91499.44 75464 0.00% 1.81 2.23%
20210511 79.5 81.21 81.5 79.11 88327.10 71024 0.00% 0.81 1.01%
20210510 82.0 80.4 82.25 77.87 106930.48 85704 0.00% -1.60 -1.95%
20210507 83.0 82.0 83.84 81.76 92544.74 76609 0.00% -0.95 -1.15%
20210506 84.0 82.95 84.25 82.1 129035.75 107234 0.00% -2.35 -2.75%
20210430 86.56 85.3 87.98 82.4 228777.39 192486 0.00% -1.24 -1.43%
20210429 86.5 86.54 88.49 86.2 117328.86 102319 0.00% -1.40 -1.59%
20210428 86.0 87.94 87.94 81.76 197359.87 169504 0.00% 2.49 2.91%
20210427 95.5 85.45 95.58 85.45 348861.71 307880 0.00% -9.49 -10.00%
20210426 96.3 94.94 97.33 94.81 140576.96 134453 0.00% -1.62 -1.68%
20210423 96.75 96.56 98.06 95.8 80661.15 78196 0.00% -0.34 -0.35%
20210422 96.01 96.9 98.18 95.63 78829.12 76433 0.00% 1.12 1.17%
20210421 95.66 95.78 96.57 95.4 57113.77 54800 0.00% -0.99 -1.02%
20210420 98.01 96.77 98.06 96.7 70987.45 68958 0.00% -1.77 -1.80%
20210419 96.0 98.54 98.6 95.88 88155.01 86206 0.00% 2.21 2.29%
20210416 96.08 96.33 96.88 95.18 49096.05 47079 0.00% 0.28 0.29%
20210415 96.5 96.05 96.5 94.9 61375.78 58582 0.00% -0.83 -0.86%
20210414 97.0 96.88 97.37 95.7 68375.09 66031 0.00% 0.13 0.13%
20210413 95.66 96.75 97.74 95.66 65093.74 62993 0.00% 0.20 0.21%
20210412 97.4 96.55 98.94 96.38 71496.79 69568 0.00% -0.85 -0.87%
20210409 100.23 97.4 100.66 96.68 98582.64 96689 0.00% -2.55 -2.55%
20210408 100.01 99.95 101.6 99.5 66641.76 66799 0.00% -0.64 -0.64%
20210407 102.85 100.59 102.89 99.68 88834.99 89262 0.00% -2.26 -2.20%
20210406 105.6 102.85 105.96 102.67 94346.17 97782 0.00% -1.80 -1.72%
20210402 100.46 104.65 105.0 100.0 198313.23 205133 0.00% 5.23 5.26%
20210401 97.75 99.42 101.11 97.74 90566.23 90340 0.00% 1.42 1.45%
20210331 99.9 98.0 100.5 97.7 61132.52 60372 0.00% -1.53 -1.54%
20210330 100.49 99.53 102.33 99.48 130572.54 131747 0.00% 1.13 1.15%
20210329 99.5 98.4 100.38 97.65 70064.60 69212 0.00% -0.77 -0.78%
20210326 97.0 99.17 99.29 95.61 98118.66 95650 0.00% 2.67 2.77%
20210325 96.04 96.5 97.78 95.56 58537.43 56638 0.00% -1.71 -1.74%
20210324 100.0 98.21 100.3 97.32 67005.26 65994 0.00% -1.29 -1.30%
20210323 97.7 99.5 99.8 96.6 87334.23 86043 0.00% 2.17 2.23%
20210322 96.71 97.33 98.14 96.17 59620.33 57899 0.00% -0.46 -0.47%
20210319 98.0 97.79 99.8 97.11 75223.09 73996 0.00% -2.21 -2.21%
20210318 102.8 100.0 103.11 99.64 105456.77 106255 0.00% -3.05 -2.96%
20210317 96.86 103.05 103.55 95.5 185838.81 187864 0.00% 6.19 6.39%
20210316 94.55 96.86 97.2 94.0 96050.26 91919 0.00% 2.86 3.04%
20210315 97.3 94.0 97.55 93.61 128353.65 122054 0.00% -5.06 -5.11%
20210312 101.61 99.06 101.61 97.38 130081.03 128339 0.00% -2.60 -2.56%
20210311 100.01 101.66 103.97 97.0 117124.20 118011 0.00% 1.66 1.66%
