日期 开盘价 收盘价 最高价 最低价 成交量（手） 成交额（万元） 换手率 涨跌额 涨跌幅（%）
20211108 3.73 3.8 3.84 3.7 1109752.51 42042 0.00% 0.09 2.43%
20211105 3.8 3.71 3.82 3.69 1356675.65 50673 0.00% -0.12 -3.13%
20211104 3.86 3.83 3.87 3.8 901473.84 34499 0.00% -0.05 -1.29%
20211103 3.79 3.88 3.92 3.77 1191252.46 45787 0.00% 0.08 2.11%
20211102 3.97 3.8 3.97 3.72 2257605.78 86509 0.00% -0.17 -4.28%
20211101 4.04 3.97 4.09 3.95 1614862.00 64494 0.00% -0.09 -2.22%
20211029 3.98 4.06 4.09 3.85 1462138.37 58264 0.00% 0.08 2.01%
20211028 4.15 3.98 4.16 3.97 1721608.49 69545 0.00% -0.17 -4.10%
20211027 4.21 4.15 4.27 4.13 1344430.04 56167 0.00% -0.07 -1.66%
20211026 4.19 4.22 4.44 4.17 2522725.29 108195 0.00% 0.03 0.72%
20211025 4.03 4.19 4.22 4.02 1759279.89 73147 0.00% 0.13 3.20%
20211022 4.19 4.06 4.23 4.05 1941822.27 80246 0.00% -0.16 -3.79%
20211021 4.29 4.22 4.4 4.2 2363131.04 101500 0.00% 0.03 0.72%
20211020 4.19 4.19 4.27 4.12 1444474.70 60643 0.00% -0.04 -0.95%
20211019 4.14 4.23 4.32 4.1 2441822.69 103351 0.00% 0.08 1.93%
20211018 4.04 4.15 4.18 4.03 2288771.42 94164 0.00% 0.13 3.23%
20211015 4.06 4.02 4.1 3.98 1458234.02 58798 0.00% -0.01 -0.25%
20211014 4.01 4.03 4.12 3.97 1451817.13 58726 0.00% 0.02 0.50%
20211013 4.1 4.01 4.1 3.96 1811891.28 72779 0.00% -0.08 -1.96%
20211012 4.2 4.09 4.24 4.01 2111857.28 86823 0.00% -0.12 -2.85%
20211011 4.26 4.21 4.31 4.18 1674657.97 71164 0.00% -0.07 -1.64%
20211008 4.42 4.28 4.45 4.16 2683506.06 114538 0.00% -0.07 -1.61%
20210930 4.36 4.35 4.41 4.28 1724580.34 75003 0.00% -0.01 -0.23%
20210929 4.48 4.36 4.55 4.27 2561092.30 112195 0.00% -0.17 -3.75%
20210928 4.48 4.53 4.58 4.42 3012162.81 135218 0.00% 0.01 0.22%
20210927 4.9 4.52 5.01 4.52 4244537.54 196959 0.00% -0.50 -9.96%
20210924 5.28 5.02 5.4 5.01 3159172.41 164004 0.00% -0.26 -4.92%
20210923 5.31 5.28 5.42 5.12 3532079.25 186186 0.00% 0.03 0.57%
20210922 5.1 5.25 5.32 5.01 3154992.52 164148 0.00% 0.11 2.14%
20210917 5.11 5.14 5.25 4.96 2855157.09 146087 0.00% 0.01 0.19%
20210916 5.35 5.13 5.4 5.13 3418217.32 179255 0.00% -0.16 -3.02%
20210915 5.27 5.29 5.39 5.17 3572671.65 188324 0.00% -0.07 -1.31%
20210914 5.78 5.36 5.79 5.31 7258593.16 393822 0.00% -0.54 -9.15%
20210913 5.74 5.9 6.0 5.66 5036153.51 293506 0.00% 0.22 3.87%
20210910 5.79 5.68 6.3 5.66 6914316.53 409350 0.00% -0.12 -2.07%
20210909 5.47 5.8 5.87 5.32 5990117.17 336589 0.00% 0.23 4.13%
20210908 5.32 5.57 5.75 5.16 6230765.92 335937 0.00% 0.25 4.70%
20210907 5.03 5.32 5.43 4.97 5397181.98 282819 0.00% 0.25 4.93%
20210906 5.04 5.07 5.25 4.94 4706989.15 240323 0.00% 0.13 2.63%
20210903 5.0 4.94 5.28 4.9 4147423.13 209059 0.00% -0.15 -2.95%
20210902 4.7 5.09 5.18 4.7 5406215.59 270335 0.00% 0.18 3.67%
20210901 5.05 4.91 5.27 4.77 9014693.58 453660 0.00% -0.10 -2.00%
20210831 4.55 5.01 5.01 4.44 7409566.27 351660 0.00% 0.46 10.11%
20210830 4.66 4.55 4.71 4.45 4135911.72 188147 0.00% -0.01 -0.22%
20210827 4.51 4.56 4.7 4.44 4787863.81 216714 0.00% 0.06 1.33%
20210826 4.51 4.5 4.68 4.35 7885838.43 354047 0.00% 0.12 2.74%
20210825 4.0 4.38 4.38 3.98 5766525.00 246323 0.00% 0.40 10.05%
20210824 3.76 3.98 4.02 3.74 4648328.64 181039 0.00% 0.20 5.29%
20210823 3.68 3.78 3.8 3.66 2559258.25 95527 0.00% 0.08 2.16%
20210820 3.79 3.7 3.82 3.61 3882560.70 143105 0.00% -0.16 -4.15%
20210819 4.01 3.86 4.01 3.81 3677227.08 142797 0.00% -0.18 -4.46%
20210818 4.01 4.04 4.09 3.93 4577326.74 183685 0.00% -0.01 -0.25%
20210817 3.87 4.05 4.21 3.83 7032742.20 286754 0.00% 0.21 5.47%
20210816 3.88 3.84 4.09 3.82 5186889.14 203802 0.00% 0.12 3.23%
20210813 3.74 3.72 3.8 3.69 2451155.67 91468 0.00% -0.07 -1.85%
20210812 3.7 3.79 3.86 3.64 3616821.04 135954 0.00% 0.10 2.71%
20210811 3.66 3.69 3.8 3.63 2624199.88 97539 0.00% 0.04 1.10%
20210810 3.69 3.65 3.7 3.61 1786661.53 65147 0.00% -0.03 -0.82%
20210809 3.66 3.68 3.72 3.6 2216289.73 81140 0.00% -0.01 -0.27%
20210806 3.63 3.69 3.75 3.62 2741805.17 101404 0.00% 0.05 1.37%
20210805 3.73 3.64 3.73 3.58 3521579.16 128480 0.00% -0.14 -3.70%
20210804 3.77 3.78 3.83 3.65 4309344.26 161243 0.00% -0.09 -2.33%
20210803 3.75 3.87 4.04 3.71 7022231.26 274454 0.00% 0.12 3.20%
20210802 3.69 3.75 3.82 3.61 4279747.21 159157 0.00% 0.01 0.27%
20210730 3.63 3.74 3.85 3.53 5297950.82 197345 0.00% 0.08 2.19%
20210729 3.75 3.66 3.78 3.55 4904778.56 179809 0.00% 0.02 0.55%
20210728 3.53 3.64 3.84 3.46 6095548.12 222717 0.00% 0.03 0.83%
20210727 3.95 3.61 4.05 3.61 8415907.20 321382 0.00% -0.40 -9.98%
20210726 4.2 4.01 4.22 3.8 10767421.25 429776 0.00% 0.07 1.78%
20210723 3.72 3.94 3.94 3.72 7535777.72 293432 0.00% 0.36 10.06%
20210722 3.39 3.58 3.75 3.36 7376111.14 269792 0.00% 0.17 4.99%
20210721 3.5 3.41 3.53 3.34 4940951.36 169285 0.00% -0.01 -0.29%
20210720 3.09 3.42 3.42 3.06 3238396.27 105669 0.00% 0.31 9.97%
20210719 3.17 3.11 3.22 3.08 1691048.02 52934 0.00% -0.08 -2.51%
20210716 3.12 3.19 3.25 3.1 2350439.86 74888 0.00% 0.02 0.63%
20210715 3.15 3.17 3.2 3.09 1464308.61 46044 0.00% 0.00 0.00%
20210714 3.21 3.17 3.25 3.14 1865172.04 59466 0.00% -0.03 -0.94%
20210713 3.24 3.2 3.33 3.18 2381659.51 77413 0.00% 0.00 0.00%
20210712 3.22 3.2 3.35 3.17 3569099.16 115933 0.00% 0.12 3.90%
20210709 2.94 3.08 3.09 2.93 2159841.76 65767 0.00% 0.12 4.05%
20210708 2.98 2.96 3.03 2.96 623237.97 18648 0.00% -0.03 -1.00%
20210707 2.97 2.99 2.99 2.93 706466.88 20929 0.00% 0.00 0.00%
20210706 2.94 2.99 3.0 2.93 710348.15 21094 0.00% 0.04 1.36%
20210705 2.95 2.95 2.97 2.94 507498.40 14977 0.00% -0.01 -0.34%
20210702 3.0 2.96 3.02 2.95 817596.65 24327 0.00% -0.06 -1.99%
20210701 2.98 3.02 3.06 2.96 972272.91 29225 0.00% 0.04 1.34%
20210630 2.97 2.98 2.99 2.96 393508.96 11714 0.00% 0.01 0.34%
20210629 3.01 2.97 3.02 2.96 582723.70 17366 0.00% -0.05 -1.66%
20210628 3.03 3.02 3.06 3.01 664940.18 20187 0.00% -0.01 -0.33%
20210625 3.01 3.03 3.04 3.0 742848.82 22477 0.00% 0.01 0.33%
20210624 2.99 3.02 3.05 2.97 725789.21 21895 0.00% 0.02 0.67%
20210623 2.98 3.0 3.02 2.96 792541.70 23769 0.00% 0.01 0.33%
20210622 2.95 2.99 3.02 2.94 841394.63 25087 0.00% 0.04 1.36%
20210621 2.97 2.95 2.99 2.93 661178.46 19551 0.00% -0.02 -0.67%
20210618 2.97 2.97 2.99 2.94 550163.22 16283 0.00% 0.00 0.00%
20210617 3.02 2.97 3.02 2.95 798789.39 23776 0.00% -0.05 -1.66%
20210616 2.95 3.02 3.06 2.93 1270834.36 38321 0.00% 0.07 2.37%
20210615 3.02 2.95 3.02 2.93 960079.27 28426 0.00% -0.07 -2.32%
20210611 3.01 3.02 3.03 3.0 933428.14 28119 0.00% 0.01 0.33%
20210610 3.02 3.01 3.04 3.01 610454.01 18450 0.00% -0.01 -0.33%
20210609 3.03 3.02 3.04 3.0 535530.19 16170 0.00% 0.00 0.00%
20210608 3.04 3.02 3.06 3.02 505361.02 15332 0.00% -0.03 -0.98%
20210607 3.02 3.05 3.07 3.01 620308.20 18840 0.00% 0.02 0.66%
20210604 3.03 3.03 3.05 3.0 641762.00 19383 0.00% -0.01 -0.33%
20210603 3.02 3.04 3.09 3.01 834391.05 25415 0.00% 0.03 1.00%
20210602 3.03 3.01 3.04 3.01 577397.56 17441 0.00% -0.03 -0.99%
20210601 3.02 3.04 3.05 3.01 648634.66 19669 0.00% 0.01 0.33%
20210531 3.08 3.03 3.08 3.02 790109.25 24020 0.00% -0.04 -1.30%
20210528 3.1 3.07 3.11 3.06 698414.07 21526 0.00% -0.02 -0.65%
20210527 3.08 3.09 3.1 3.05 839154.67 25799 0.00% 0.01 0.32%
20210526 3.07 3.08 3.09 3.05 771340.08 23700 0.00% 0.01 0.33%
20210525 3.03 3.07 3.08 3.0 935009.98 28497 0.00% 0.05 1.66%
20210524 3.05 3.02 3.09 3.02 986691.69 30024 0.00% -0.04 -1.31%
20210521 3.07 3.06 3.1 3.06 640512.44 19692 0.00% -0.01 -0.33%
20210520 3.09 3.07 3.1 3.05 923961.96 28382 0.00% -0.05 -1.60%
20210519 3.15 3.12 3.16 3.12 594547.30 18608 0.00% -0.05 -1.58%
20210518 3.16 3.17 3.17 3.14 475196.88 15001 0.00% 0.02 0.63%
20210517 3.15 3.15 3.18 3.13 742181.11 23396 0.00% -0.01 -0.32%
20210514 3.14 3.16 3.16 3.11 845585.04 26561 0.00% 0.03 0.96%
20210513 3.16 3.13 3.18 3.11 1098598.20 34498 0.00% -0.06 -1.88%
20210512 3.19 3.19 3.21 3.15 1085339.49 34472 0.00% -0.01 -0.31%
20210511 3.29 3.2 3.29 3.15 1632952.26 52320 0.00% -0.13 -3.90%
20210510 3.23 3.33 3.33 3.22 2052153.59 67313 0.00% 0.13 4.06%
20210507 3.11 3.2 3.3 3.1 1991426.28 63902 0.00% 0.08 2.56%
20210506 3.08 3.12 3.13 3.07 1227571.24 38114 0.00% 0.04 1.30%
20210430 3.24 3.08 3.25 3.06 2370396.32 74109 0.00% -0.19 -5.81%
20210429 3.23 3.27 3.29 3.21 927343.14 30215 0.00% 0.03 0.93%
20210428 3.21 3.24 3.25 3.2 615527.00 19884 0.00% 0.02 0.62%
20210427 3.2 3.22 3.24 3.18 744831.10 23880 0.00% 0.01 0.31%
20210426 3.23 3.21 3.28 3.21 823108.66 26688 0.00% -0.03 -0.93%
20210423 3.27 3.24 3.28 3.2 895621.16 28982 0.00% -0.05 -1.52%
20210422 3.29 3.29 3.35 3.27 957588.43 31656 0.00% 0.03 0.92%
20210421 3.32 3.26 3.34 3.22 1154535.45 37658 0.00% -0.08 -2.40%
20210420 3.41 3.34 3.42 3.32 1417148.14 47535 0.00% -0.09 -2.62%
20210419 3.4 3.43 3.45 3.36 1269606.42 43370 0.00% 0.03 0.88%
20210416 3.42 3.4 3.43 3.37 1023830.01 34837 0.00% 0.00 0.00%
20210415 3.36 3.4 3.42 3.34 1074278.86 36309 0.00% 0.04 1.19%
20210414 3.36 3.36 3.38 3.3 963272.95 32272 0.00% 0.02 0.60%
20210413 3.42 3.34 3.43 3.33 1582885.73 53222 0.00% -0.11 -3.19%
20210412 3.43 3.45 3.55 3.37 2261270.42 78747 0.00% 0.02 0.58%
20210409 3.47 3.43 3.55 3.39 1846242.95 63968 0.00% 0.00 0.00%
20210408 3.43 3.43 3.48 3.39 1427764.81 48926 0.00% -0.03 -0.87%
20210407 3.38 3.46 3.51 3.32 2200813.65 75456 0.00% 0.09 2.67%
20210406 3.38 3.37 3.44 3.36 1490492.82 50511 0.00% -0.02 -0.59%
20210402 3.42 3.39 3.45 3.32 2241490.41 75578 0.00% -0.03 -0.88%
20210401 3.5 3.42 3.54 3.35 4467210.18 153154 0.00% 0.00 0.00%
20210331 3.13 3.42 3.42 3.12 3532182.49 117195 0.00% 0.31 9.97%
20210330 3.11 3.11 3.13 3.09 918740.13 28608 0.00% -0.02 -0.64%
20210329 3.12 3.13 3.13 3.09 785996.87 24461 0.00% 0.02 0.64%
20210326 3.09 3.11 3.11 3.07 820545.99 25391 0.00% 0.04 1.30%
20210325 3.06 3.07 3.11 3.05 776328.58 23927 0.00% 0.00 0.00%
20210324 3.11 3.07 3.13 3.06 1395039.16 43017 0.00% -0.07 -2.23%
20210323 3.21 3.14 3.22 3.12 1214791.55 38514 0.00% -0.06 -1.88%
20210322 3.09 3.2 3.22 3.08 1515520.51 48039 0.00% 0.11 3.56%
20210319 3.11 3.09 3.16 3.07 1396740.89 43438 0.00% -0.07 -2.22%
20210318 3.18 3.16 3.2 3.14 1181080.26 37428 0.00% -0.03 -0.94%
20210317 3.27 3.19 3.27 3.16 1503133.96 48034 0.00% -0.09 -2.74%
20210316 3.25 3.28 3.34 3.23 2007284.25 65763 0.00% 0.03 0.92%
20210315 3.17 3.25 3.3 3.17 2284825.63 74059 0.00% 0.08 2.52%
20210312 3.19 3.17 3.25 3.13 2042943.44 65059 0.00% -0.02 -0.63%
20210311 3.06 3.19 3.19 3.06 2148437.74 67382 0.00% 0.13 4.25%
