日期 开盘价 收盘价 最高价 最低价 成交量（手） 成交额（万元） 换手率 涨跌额 涨跌幅（%）
20211108 14.12 14.17 14.28 13.99 176911.49 24980 0.00% -0.13 -0.91%
20211105 14.37 14.3 14.4 14.1 169044.93 24122 0.00% -0.10 -0.69%
20211104 14.65 14.4 14.73 14.35 150797.45 21790 0.00% -0.21 -1.44%
20211103 14.5 14.61 14.87 14.3 214522.91 31458 0.00% 0.12 0.83%
20211102 14.76 14.49 14.91 14.35 237870.60 34600 0.00% -0.31 -2.09%
20211101 14.26 14.8 14.92 14.1 304989.87 44742 0.00% 0.52 3.64%
20211029 14.51 14.28 14.72 14.14 262899.36 37616 0.00% -0.21 -1.45%
20211028 14.8 14.49 14.96 14.31 196896.76 28732 0.00% -0.41 -2.75%
20211027 15.13 14.9 15.26 14.58 341046.08 50550 0.00% -0.37 -2.42%
20211026 15.34 15.27 15.58 15.15 213650.39 32783 0.00% -0.13 -0.84%
20211025 15.31 15.4 15.55 15.01 296995.14 45482 0.00% 0.00 0.00%
20211022 15.82 15.4 16.0 15.31 336941.99 52421 0.00% -0.37 -2.35%
20211021 15.55 15.77 15.84 15.21 455173.13 70914 0.00% 0.78 5.20%
20211020 15.06 14.99 15.12 14.81 123019.76 18357 0.00% -0.03 -0.20%
20211019 14.74 15.02 15.15 14.74 152845.17 22917 0.00% 0.21 1.42%
20211018 14.99 14.81 15.15 14.68 167643.90 24916 0.00% -0.18 -1.20%
20211015 14.67 14.99 15.17 14.42 225522.41 33694 0.00% 0.42 2.88%
20211014 15.19 14.57 15.33 14.35 235216.37 34563 0.00% -0.63 -4.14%
20211013 15.38 15.2 15.4 14.97 152251.98 23118 0.00% -0.19 -1.23%
20211012 15.15 15.39 15.57 14.96 309936.35 47432 0.00% 0.13 0.85%
20211011 14.9 15.26 15.86 14.88 341518.50 52820 0.00% 0.30 2.01%
20211008 14.99 14.96 15.35 14.82 150313.23 22627 0.00% 0.03 0.20%
20210930 15.34 14.93 15.34 14.76 180714.66 27086 0.00% -0.41 -2.67%
20210929 14.9 15.34 15.66 14.76 241433.77 36791 0.00% 0.27 1.79%
20210928 14.71 15.07 15.45 14.65 270400.55 40813 0.00% 0.33 2.24%
20210927 14.73 14.74 15.08 14.52 125636.29 18553 0.00% -0.05 -0.34%
20210924 14.92 14.79 14.99 14.66 74962.24 11093 0.00% -0.14 -0.94%
20210923 15.11 14.93 15.3 14.7 153879.70 23028 0.00% -0.12 -0.80%
20210922 14.78 15.05 15.17 14.61 146509.61 21815 0.00% -0.15 -0.99%
20210917 14.67 15.2 15.36 14.5 220462.90 33149 0.00% 0.59 4.04%
20210916 14.65 14.61 14.9 14.51 115988.10 16977 0.00% -0.03 -0.20%
20210915 14.82 14.64 15.04 14.5 174744.45 25740 0.00% -0.33 -2.20%
20210914 15.25 14.97 15.3 14.86 172545.56 25887 0.00% -0.23 -1.51%
20210913 15.45 15.2 15.47 15.0 155125.92 23528 0.00% -0.26 -1.68%
20210910 15.0 15.46 15.68 14.91 300157.33 46190 0.00% 0.31 2.05%
20210909 14.81 15.15 15.19 14.75 155865.57 23392 0.00% 0.17 1.13%
20210908 14.77 14.98 15.18 14.63 220743.21 33006 0.00% 0.12 0.81%
20210907 14.19 14.86 15.08 13.97 319881.66 46653 0.00% 0.75 5.32%
20210906 14.12 14.11 14.45 14.06 156485.13 22162 0.00% -0.22 -1.54%
20210903 14.97 14.33 14.97 14.21 230910.25 33207 0.00% -0.30 -2.05%
20210902 14.51 14.63 14.64 14.22 263057.33 38187 0.00% 0.12 0.83%
20210901 13.35 14.51 14.71 13.24 454658.90 64319 0.00% 1.12 8.36%
20210831 12.68 13.39 13.44 12.47 332061.60 43566 0.00% 0.67 5.27%
20210830 12.83 12.72 12.97 12.56 153826.67 19487 0.00% -0.14 -1.09%
20210827 12.95 12.86 13.2 12.83 114235.59 14853 0.00% -0.10 -0.77%
20210826 13.28 12.96 13.28 12.9 142802.58 18548 0.00% -0.24 -1.82%
20210825 13.44 13.2 13.58 13.16 131354.83 17516 0.00% -0.28 -2.08%
20210824 13.42 13.48 13.55 13.21 153628.01 20646 0.00% 0.14 1.05%
20210823 13.3 13.34 13.58 13.3 167173.14 22459 0.00% -0.07 -0.52%
20210820 13.5 13.41 13.58 13.13 191207.68 25456 0.00% -0.09 -0.67%
20210819 13.62 13.5 13.65 13.25 257341.55 34546 0.00% -0.32 -2.32%
20210818 13.28 13.82 13.94 13.28 267648.84 36572 0.00% 0.48 3.60%
20210817 13.5 13.34 13.8 13.31 215409.94 29110 0.00% -0.17 -1.26%
20210816 13.7 13.51 13.79 13.31 263959.45 35708 0.00% -0.04 -0.30%
20210813 13.77 13.55 13.78 13.36 206035.10 27855 0.00% -0.16 -1.17%
20210812 13.5 13.71 13.83 13.18 399671.39 54275 0.00% 0.14 1.03%
20210811 13.38 13.57 14.06 13.38 438974.75 60063 0.00% 0.19 1.42%
20210810 12.42 13.38 13.44 12.32 507544.48 66283 0.00% 0.96 7.73%
20210809 11.75 12.42 12.77 11.72 360039.02 44763 0.00% 0.64 5.43%
20210806 11.85 11.78 11.92 11.61 156744.12 18416 0.00% -0.11 -0.93%
20210805 11.85 11.89 12.03 11.81 205467.47 24533 0.00% -0.02 -0.17%
20210804 12.1 11.91 12.2 11.84 259982.55 31099 0.00% -0.32 -2.62%
20210803 12.05 12.23 12.3 11.85 312338.36 37698 0.00% -0.18 -1.45%
20210802 12.1 12.41 12.59 11.88 294672.64 36005 0.00% 0.31 2.56%
20210730 12.15 12.1 12.2 11.89 191268.94 23028 0.00% -0.14 -1.14%
20210729 12.25 12.24 12.31 12.09 189904.03 23146 0.00% 0.06 0.49%
20210728 12.14 12.18 12.29 11.99 190901.24 23165 0.00% 0.04 0.33%
20210727 12.76 12.14 12.88 12.12 315673.14 39126 0.00% -0.72 -5.60%
20210726 13.39 12.86 13.39 12.75 231372.03 29864 0.00% -0.57 -4.24%
20210723 13.35 13.43 13.55 13.16 166181.66 22209 0.00% 0.02 0.15%
20210722 13.22 13.41 13.55 13.17 180520.14 24221 0.00% 0.13 0.98%
20210721 13.53 13.28 13.56 13.1 174154.63 23085 0.00% -0.21 -1.56%
20210720 13.46 13.49 13.56 13.28 179892.90 24115 0.00% -0.14 -1.03%
20210719 13.25 13.63 13.75 13.06 327368.96 44057 0.00% 0.38 2.87%
20210716 13.21 13.25 13.32 13.03 198623.82 26238 0.00% -0.05 -0.38%
20210715 12.9 13.3 13.33 12.83 274197.70 36147 0.00% 0.36 2.78%
20210714 13.31 12.94 13.32 12.84 317771.88 41179 0.00% -0.46 -3.43%
20210713 13.12 13.4 13.5 12.79 351416.57 46554 0.00% 0.26 1.98%
20210712 14.13 13.14 14.15 13.07 585117.50 77993 0.00% -0.82 -5.87%
20210709 14.2 13.96 14.47 13.91 235237.68 33201 0.00% -0.43 -2.99%
20210708 15.12 14.39 15.15 14.2 266239.73 38661 0.00% -0.67 -4.45%
20210707 14.65 15.06 15.08 14.62 306322.91 45863 0.00% 0.37 2.52%
20210706 14.55 14.69 14.76 14.35 241324.34 35228 0.00% 0.12 0.82%
20210705 14.32 14.57 14.62 14.08 165108.94 23694 0.00% 0.24 1.67%
20210702 14.51 14.33 14.61 14.24 189619.70 27251 0.00% -0.28 -1.92%
20210701 14.8 14.61 14.91 14.52 243156.74 35663 0.00% -0.14 -0.95%
20210630 14.51 14.75 14.84 14.51 169190.79 24878 0.00% 0.23 1.58%
20210629 14.74 14.52 15.1 14.52 152097.44 22363 0.00% -0.25 -1.69%
20210628 14.9 14.77 14.98 14.61 156878.37 23178 0.00% -0.08 -0.54%
20210625 15.2 14.85 15.24 14.77 322617.66 48280 0.00% -0.55 -3.57%
20210624 14.83 15.4 15.53 14.75 351425.75 53722 0.00% 0.57 3.84%
20210623 14.75 14.83 14.86 14.4 237766.91 34807 0.00% 0.11 0.75%
20210622 14.6 14.72 15.08 14.53 294342.63 43559 0.00% 0.11 0.75%
20210621 14.56 14.61 14.69 14.07 352016.49 50593 0.00% 0.06 0.41%
20210618 14.7 14.55 14.81 14.49 244822.01 35786 0.00% -0.11 -0.75%
20210617 15.0 14.66 15.15 14.66 207680.84 30886 0.00% -0.27 -1.81%
20210616 15.0 14.93 15.35 14.92 212951.95 32159 0.00% -0.03 -0.20%
20210615 15.35 14.96 15.36 14.88 201544.00 30325 0.00% -0.39 -2.54%
20210611 15.6 15.35 15.65 15.11 247421.35 37983 0.00% -0.14 -0.90%
20210610 15.73 15.49 16.1 15.36 276991.87 43467 0.00% -0.20 -1.27%
20210609 15.8 15.69 15.89 15.56 184360.12 28876 0.00% -0.21 -1.32%
20210608 16.13 15.9 16.29 15.78 198716.97 31694 0.00% -0.28 -1.73%
20210607 16.26 16.18 16.39 16.12 128670.63 20875 0.00% -0.18 -1.10%
20210604 16.08 16.36 16.5 16.02 165447.71 26861 0.00% 0.26 1.61%
20210603 16.33 16.1 16.44 16.1 117246.04 19018 0.00% -0.26 -1.59%
20210602 16.28 16.36 16.44 16.1 130690.02 21276 0.00% 0.09 0.55%
20210601 16.43 16.27 16.49 16.15 210437.88 34258 0.00% -0.25 -1.51%
20210531 16.6 16.52 16.73 16.35 216708.48 35747 0.00% -0.05 -0.30%
20210528 16.74 16.57 16.84 16.51 144830.32 24096 0.00% -0.13 -0.78%
20210527 16.82 16.7 16.89 16.6 225565.22 37710 0.00% -0.25 -1.47%
20210526 17.08 16.95 17.14 16.73 204965.37 34729 0.00% -0.14 -0.82%
20210525 16.4 17.09 17.19 16.39 327194.12 55077 0.00% 0.65 3.95%
20210524 16.5 16.44 16.83 16.33 167981.17 27711 0.00% -0.02 -0.12%
20210521 17.27 16.46 17.32 16.46 297623.66 49592 0.00% -0.82 -4.75%
20210520 16.72 17.28 17.38 16.61 331066.06 56516 0.00% 0.67 4.03%
20210519 16.4 16.61 16.71 16.3 149739.78 24767 0.00% 0.14 0.85%
20210518 16.62 16.47 16.63 16.14 214740.38 35171 0.00% -0.50 -2.95%
20210517 16.73 16.97 17.04 16.56 170957.92 28900 0.00% 0.27 1.62%
20210514 16.68 16.7 16.79 16.42 143043.26 23787 0.00% 0.07 0.42%
20210513 16.58 16.63 16.92 16.55 154485.87 25792 0.00% -0.13 -0.78%
20210512 16.89 16.76 17.35 16.65 253780.37 43012 0.00% -0.12 -0.71%
20210511 16.52 16.88 16.93 16.45 202683.15 33922 0.00% 0.38 2.30%
20210510 16.9 16.5 17.0 16.19 249716.76 40992 0.00% -0.38 -2.25%
20210507 16.95 16.88 17.39 16.79 216019.25 36864 0.00% -0.12 -0.71%
20210506 16.41 17.0 17.07 16.36 231988.89 39107 0.00% 0.46 2.78%
20210430 16.69 16.54 16.69 16.23 207340.61 34086 0.00% -0.24 -1.43%
20210429 16.83 16.78 16.94 16.4 273303.07 45520 0.00% -0.07 -0.42%
20210428 16.87 16.85 17.19 16.43 337221.59 56893 0.00% 0.13 0.78%
20210427 16.4 16.72 16.72 16.35 148002.10 24518 0.00% 0.30 1.83%
20210426 16.5 16.42 16.73 16.33 210645.08 34835 0.00% 0.12 0.74%
20210423 15.94 16.3 16.64 15.94 238868.59 39071 0.00% 0.25 1.56%
20210422 16.28 16.05 16.37 15.84 181775.24 29139 0.00% -0.30 -1.83%
20210421 15.99 16.35 16.44 15.99 282523.72 46011 0.00% 0.45 2.83%
20210420 15.45 15.9 16.3 15.4 225712.85 35989 0.00% 0.37 2.38%
20210419 15.0 15.53 15.62 14.75 261054.92 39992 0.00% 0.48 3.19%
20210416 15.2 15.05 15.33 15.02 150656.91 22802 0.00% -0.21 -1.38%
20210415 15.44 15.26 15.47 15.01 155532.80 23642 0.00% -0.09 -0.59%
20210414 15.44 15.35 15.69 15.2 227659.10 35000 0.00% -0.24 -1.54%
20210413 15.89 15.59 16.05 15.49 151060.88 23723 0.00% -0.13 -0.83%
20210412 16.08 15.72 16.18 15.59 233793.34 37025 0.00% -0.42 -2.60%
20210409 16.38 16.14 16.41 15.9 181567.87 29264 0.00% -0.29 -1.77%
20210408 16.44 16.43 16.57 16.35 74329.95 12221 0.00% -0.07 -0.42%
20210407 16.27 16.5 16.54 16.23 136347.97 22356 0.00% 0.14 0.86%
20210406 16.33 16.36 16.53 16.24 154766.02 25297 0.00% -0.19 -1.15%
20210402 17.05 16.55 17.09 16.54 178611.20 29829 0.00% -0.50 -2.93%
20210401 17.04 17.05 17.08 16.79 108784.45 18465 0.00% 0.16 0.95%
20210331 16.76 16.89 17.03 16.57 152531.79 25598 0.00% -0.02 -0.12%
20210330 16.66 16.91 16.94 16.36 299549.05 49854 0.00% -0.09 -0.53%
20210329 17.0 17.0 17.08 16.23 411866.59 68717 0.00% -0.20 -1.16%
20210326 17.0 17.2 17.48 16.6 324904.20 55242 0.00% 0.56 3.37%
20210325 16.75 16.64 17.01 16.59 293961.63 49424 0.00% 0.10 0.60%
20210324 16.95 16.54 17.1 16.45 218867.28 36527 0.00% -0.56 -3.27%
20210323 17.1 17.1 17.28 16.78 152061.48 25833 0.00% -0.08 -0.47%
20210322 16.55 17.18 17.33 16.53 167066.30 28536 0.00% 0.23 1.36%
20210319 17.45 16.95 17.8 16.77 248779.45 42504 0.00% -0.62 -3.53%
20210318 17.35 17.57 17.74 17.17 164284.83 28613 0.00% 0.15 0.86%
20210317 17.41 17.42 17.52 17.06 173337.09 29993 0.00% -0.20 -1.14%
20210316 17.08 17.62 17.68 16.96 227307.08 39701 0.00% 0.56 3.28%
20210315 17.1 17.06 17.76 16.91 270745.93 46734 0.00% -0.13 -0.76%
20210312 16.92 17.19 17.32 16.75 263850.29 45053 0.00% 0.35 2.08%
20210311 15.99 16.84 16.91 15.92 392985.85 65180 0.00% 1.07 6.79%
