日期 开盘价 收盘价 最高价 最低价 成交量（手） 成交额（万元） 换手率 涨跌额 涨跌幅（%）
20211108 4.13 4.09 4.14 4.09 1191364.65 48956 0.00% 0.00 0.00%
20211105 4.13 4.09 4.13 4.08 1335981.87 54811 0.00% -0.05 -1.21%
20211104 4.12 4.14 4.15 4.08 1400537.80 57645 0.00% -0.01 -0.24%
20211103 4.11 4.15 4.18 4.1 1350108.45 55938 0.00% 0.00 0.00%
20211102 4.25 4.15 4.25 4.1 2528706.72 105216 0.00% -0.07 -1.66%
20211101 4.24 4.22 4.27 4.2 1443442.85 60976 0.00% -0.03 -0.71%
20211029 4.23 4.25 4.27 4.19 1617919.56 68439 0.00% 0.05 1.19%
20211028 4.3 4.2 4.31 4.17 2702235.00 113754 0.00% -0.15 -3.45%
20211027 4.42 4.35 4.43 4.33 1668509.62 72707 0.00% -0.07 -1.58%
20211026 4.45 4.42 4.49 4.41 1231915.37 54840 0.00% -0.03 -0.67%
20211025 4.39 4.45 4.51 4.34 2053363.82 91275 0.00% 0.09 2.06%
20211022 4.45 4.36 4.48 4.34 2173243.25 95357 0.00% -0.12 -2.68%
20211021 4.48 4.48 4.52 4.45 1850464.64 83002 0.00% 0.03 0.67%
20211020 4.46 4.45 4.5 4.42 1829372.55 81572 0.00% -0.08 -1.77%
20211019 4.47 4.53 4.54 4.42 2091534.20 93965 0.00% 0.02 0.44%
20211018 4.43 4.51 4.52 4.4 2589923.61 115816 0.00% 0.09 2.04%
20211015 4.37 4.42 4.42 4.32 2115251.36 92523 0.00% 0.08 1.84%
20211014 4.33 4.34 4.38 4.29 1294875.30 56184 0.00% 0.01 0.23%
20211013 4.47 4.33 4.48 4.29 3198331.61 139263 0.00% -0.18 -3.99%
20211012 4.59 4.51 4.65 4.46 2418624.56 109571 0.00% -0.11 -2.38%
20211011 4.61 4.62 4.67 4.56 2429407.48 112171 0.00% 0.03 0.65%
20211008 4.62 4.59 4.65 4.51 3302650.47 151269 0.00% 0.13 2.91%
20210930 4.46 4.46 4.48 4.36 2463166.56 109088 0.00% 0.00 0.00%
20210929 4.63 4.46 4.64 4.4 5365031.33 241512 0.00% -0.28 -5.91%
20210928 4.52 4.74 4.81 4.49 5531269.47 257210 0.00% 0.28 6.28%
20210927 4.58 4.46 4.64 4.44 3351668.58 151950 0.00% -0.08 -1.76%
20210924 4.66 4.54 4.74 4.51 3106405.84 143374 0.00% -0.10 -2.16%
20210923 4.73 4.64 4.78 4.61 3305035.83 154409 0.00% -0.06 -1.28%
20210922 4.41 4.7 4.7 4.4 3901602.90 178800 0.00% 0.21 4.68%
20210917 4.47 4.49 4.64 4.34 4431740.93 198870 0.00% -0.16 -3.44%
20210916 4.83 4.65 4.86 4.63 4577146.86 216010 0.00% -0.08 -1.69%
20210915 4.62 4.73 4.8 4.58 4384629.42 206695 0.00% 0.08 1.72%
20210914 4.7 4.65 4.95 4.62 5957521.96 282531 0.00% -0.05 -1.06%
20210913 4.59 4.7 4.73 4.59 3795165.18 177237 0.00% 0.15 3.30%
20210910 4.63 4.55 4.67 4.52 3531258.07 162061 0.00% -0.10 -2.15%
20210909 4.55 4.65 4.69 4.53 4123911.83 190592 0.00% 0.12 2.65%
20210908 4.46 4.53 4.55 4.45 2879943.16 129699 0.00% 0.05 1.12%
20210907 4.36 4.48 4.48 4.34 3118489.74 138216 0.00% 0.12 2.75%
20210906 4.36 4.36 4.39 4.34 1726220.90 75267 0.00% 0.00 0.00%
20210903 4.34 4.36 4.4 4.33 2392874.56 104463 0.00% 0.05 1.16%
20210902 4.26 4.31 4.32 4.25 2181017.65 93561 0.00% 0.04 0.94%
20210901 4.27 4.27 4.32 4.22 2866791.81 122540 0.00% 0.01 0.23%
20210831 4.18 4.26 4.28 4.14 2998908.72 126241 0.00% 0.08 1.91%
20210830 4.14 4.18 4.19 4.12 2644773.59 109937 0.00% 0.08 1.95%
20210827 4.06 4.1 4.11 4.05 1600220.64 65299 0.00% 0.03 0.74%
20210826 4.05 4.07 4.08 4.04 1597211.49 64883 0.00% 0.03 0.74%
20210825 4.01 4.04 4.05 4.0 1278705.62 51381 0.00% 0.04 1.00%
20210824 4.02 4.0 4.03 3.99 1064263.16 42625 0.00% 0.02 0.50%
20210823 3.96 3.98 4.0 3.96 1038937.21 41379 0.00% 0.02 0.51%
20210820 3.96 3.96 3.97 3.94 1181171.69 46733 0.00% 0.01 0.25%
20210819 4.04 3.95 4.05 3.94 3029245.58 120635 0.00% -0.13 -3.19%
20210818 4.02 4.08 4.08 4.01 1245269.73 50320 0.00% 0.04 0.99%
20210817 4.07 4.04 4.12 4.03 1653900.38 67257 0.00% -0.04 -0.98%
20210816 4.0 4.08 4.08 3.99 1872604.13 75785 0.00% 0.08 2.00%
20210813 4.04 4.0 4.05 3.99 1114606.88 44791 0.00% -0.05 -1.23%
20210812 4.05 4.05 4.06 4.02 1086653.67 43913 0.00% 0.01 0.25%
20210811 4.01 4.04 4.05 4.0 1247845.97 50311 0.00% 0.04 1.00%
20210810 3.99 4.0 4.0 3.97 794088.20 31646 0.00% 0.00 0.00%
20210809 3.96 4.0 4.0 3.95 894529.01 35655 0.00% 0.03 0.76%
20210806 4.0 3.97 4.0 3.96 1001671.70 39881 0.00% -0.02 -0.50%
20210805 3.98 3.99 4.02 3.96 860146.08 34358 0.00% -0.01 -0.25%
20210804 3.97 4.0 4.0 3.95 768436.97 30623 0.00% 0.02 0.50%
20210803 3.97 3.98 4.0 3.96 1048330.47 41654 0.00% -0.02 -0.50%
20210802 3.98 4.0 4.01 3.92 1437528.30 56991 0.00% 0.01 0.25%
20210730 3.97 3.99 4.01 3.95 897708.35 35768 0.00% 0.01 0.25%
20210729 4.0 3.98 4.0 3.95 1124295.89 44672 0.00% 0.00 0.00%
20210728 4.02 3.98 4.04 3.97 1607499.57 64225 0.00% -0.04 -1.00%
20210727 4.04 4.02 4.09 4.01 1374422.12 55653 0.00% -0.02 -0.50%
20210726 4.07 4.04 4.07 4.01 1276031.69 51473 0.00% -0.02 -0.49%
20210723 4.09 4.06 4.1 4.06 953493.40 38853 0.00% -0.02 -0.49%
20210722 4.07 4.08 4.1 4.05 1357301.71 55322 0.00% 0.05 1.24%
20210721 4.08 4.03 4.08 4.03 993394.23 40212 0.00% -0.05 -1.23%
20210720 4.02 4.08 4.09 4.02 1162858.59 47044 0.00% 0.01 0.25%
20210719 4.15 4.07 4.15 4.05 2007998.73 81969 0.00% -0.08 -1.93%
20210716 4.16 4.15 4.18 4.14 1039161.74 43225 0.00% -0.02 -0.48%
20210715 4.16 4.17 4.18 4.13 1102632.51 45864 0.00% -0.01 -0.24%
20210714 4.22 4.18 4.22 4.17 1050480.25 43977 0.00% -0.03 -0.71%
20210713 4.19 4.21 4.23 4.17 1219544.44 51191 0.00% 0.04 0.96%
20210712 4.23 4.17 4.24 4.17 1445761.57 60681 0.00% -0.03 -0.71%
20210709 4.2 4.2 4.22 4.18 1120457.06 47049 0.00% 0.00 0.00%
20210708 4.26 4.2 4.26 4.2 1373070.17 57983 0.00% -0.07 -1.64%
20210707 4.28 4.27 4.29 4.25 1456786.25 62162 0.00% -0.05 -1.16%
20210706 4.32 4.32 4.35 4.29 1180367.19 51014 0.00% 0.02 0.47%
20210705 4.31 4.3 4.32 4.26 1298459.76 55731 0.00% -0.01 -0.23%
20210702 4.4 4.31 4.42 4.3 1779461.42 77470 0.00% -0.02 -0.46%
20210701 4.37 4.33 4.38 4.33 765746.93 33307 0.00% -0.03 -0.69%
20210630 4.36 4.36 4.38 4.33 773087.81 33655 0.00% 0.01 0.23%
20210629 4.36 4.35 4.37 4.32 1288788.74 55957 0.00% -0.03 -0.68%
20210628 4.45 4.38 4.47 4.36 1276117.52 56112 0.00% -0.04 -0.90%
20210625 4.43 4.42 4.49 4.41 1510067.31 67068 0.00% 0.00 0.00%
20210624 4.44 4.42 4.44 4.39 1025432.20 45208 0.00% -0.02 -0.45%
20210623 4.43 4.44 4.45 4.38 998097.44 44105 0.00% 0.01 0.23%
20210622 4.34 4.43 4.47 4.33 2617933.70 115444 0.00% 0.14 3.26%
20210621 4.37 4.29 4.39 4.28 2303996.75 99479 0.00% -0.08 -1.83%
20210618 4.46 4.37 4.47 4.35 2092420.76 92029 0.00% -0.12 -2.67%
20210617 4.58 4.49 4.59 4.48 1446741.56 65372 0.00% -0.21 -4.47%
20210616 4.74 4.7 4.78 4.69 1786828.56 84498 0.00% 0.02 0.43%
20210615 4.7 4.68 4.8 4.66 2681094.80 126483 0.00% 0.02 0.43%
20210611 4.61 4.66 4.76 4.6 2969052.00 138891 0.00% 0.08 1.75%
20210610 4.57 4.58 4.62 4.56 1599830.61 73423 0.00% -0.02 -0.43%
20210609 4.52 4.6 4.62 4.51 2477019.31 113341 0.00% 0.10 2.22%
20210608 4.5 4.5 4.51 4.45 1583279.65 70999 0.00% -0.03 -0.66%
20210607 4.51 4.53 4.54 4.49 1162409.96 52532 0.00% 0.04 0.89%
20210604 4.5 4.49 4.52 4.46 1168587.80 52394 0.00% -0.03 -0.66%
20210603 4.5 4.52 4.55 4.5 1972733.42 89345 0.00% 0.03 0.67%
20210602 4.49 4.49 4.51 4.46 1360728.94 60998 0.00% 0.02 0.45%
20210601 4.42 4.47 4.48 4.39 1415260.91 62660 0.00% 0.05 1.13%
20210531 4.45 4.42 4.45 4.38 1201517.34 52932 0.00% -0.05 -1.12%
20210528 4.51 4.47 4.53 4.45 1005408.10 45115 0.00% 0.00 0.00%
20210527 4.45 4.47 4.54 4.45 1651909.24 74137 0.00% 0.00 0.00%
20210526 4.41 4.47 4.47 4.41 1635278.84 72722 0.00% 0.04 0.90%
20210525 4.42 4.43 4.45 4.37 1552689.99 68552 0.00% 0.04 0.91%
20210524 4.38 4.39 4.4 4.36 868836.73 38044 0.00% 0.03 0.69%
20210521 4.34 4.36 4.38 4.32 955738.73 41630 0.00% 0.02 0.46%
20210520 4.38 4.34 4.38 4.34 1205859.15 52503 0.00% -0.09 -2.03%
20210519 4.49 4.43 4.49 4.41 1610158.62 71500 0.00% -0.10 -2.21%
20210518 4.45 4.53 4.54 4.43 1934910.54 87022 0.00% 0.11 2.49%
20210517 4.42 4.42 4.45 4.4 1211905.53 53673 0.00% 0.03 0.68%
20210514 4.41 4.39 4.43 4.35 1206430.91 52925 0.00% -0.04 -0.90%
20210513 4.48 4.43 4.49 4.41 1130062.35 50198 0.00% -0.07 -1.56%
20210512 4.44 4.5 4.54 4.44 1300707.82 58394 0.00% 0.05 1.12%
20210511 4.46 4.45 4.47 4.39 1519539.43 67367 0.00% -0.05 -1.11%
20210510 4.42 4.5 4.5 4.42 1959420.68 87484 0.00% 0.10 2.27%
20210507 4.37 4.4 4.42 4.35 1552087.62 68223 0.00% 0.03 0.69%
20210506 4.33 4.37 4.39 4.32 1843268.52 80397 0.00% 0.09 2.10%
20210430 4.26 4.28 4.29 4.25 1124769.76 48081 0.00% 0.00 0.00%
20210429 4.27 4.28 4.29 4.25 1301179.52 55530 0.00% 0.04 0.94%
20210428 4.21 4.24 4.24 4.19 744586.76 31393 0.00% 0.04 0.95%
20210427 4.21 4.2 4.22 4.17 772353.04 32405 0.00% -0.01 -0.24%
20210426 4.22 4.21 4.25 4.2 984835.22 41641 0.00% -0.02 -0.47%
20210423 4.26 4.23 4.26 4.21 963751.65 40732 0.00% -0.03 -0.70%
20210422 4.27 4.26 4.29 4.23 1501867.57 63984 0.00% -0.02 -0.47%
20210421 4.37 4.28 4.37 4.27 1967580.56 84680 0.00% -0.12 -2.73%
20210420 4.42 4.4 4.42 4.38 822998.42 36223 0.00% -0.02 -0.45%
20210419 4.46 4.42 4.47 4.4 1406781.89 62334 0.00% -0.03 -0.67%
20210416 4.38 4.45 4.47 4.37 1621020.75 71909 0.00% 0.08 1.83%
20210415 4.39 4.37 4.41 4.35 983355.68 43041 0.00% 0.02 0.46%
20210414 4.34 4.35 4.36 4.31 822378.61 35671 0.00% 0.02 0.46%
20210413 4.38 4.33 4.39 4.3 1118954.89 48456 0.00% -0.06 -1.37%
20210412 4.39 4.39 4.43 4.36 1088210.02 47852 0.00% 0.00 0.00%
20210409 4.36 4.39 4.4 4.34 1027945.43 45047 0.00% 0.03 0.69%
20210408 4.34 4.36 4.38 4.33 1050331.34 45726 0.00% 0.00 0.00%
20210407 4.29 4.36 4.37 4.28 1438723.30 62341 0.00% 0.07 1.63%
20210406 4.3 4.29 4.3 4.26 861461.96 36882 0.00% -0.03 -0.69%
20210402 4.33 4.32 4.35 4.3 1426667.70 61858 0.00% 0.02 0.47%
20210401 4.32 4.3 4.33 4.28 1041785.33 44758 0.00% -0.03 -0.69%
20210331 4.31 4.33 4.33 4.28 926788.68 39939 0.00% 0.01 0.23%
20210330 4.32 4.32 4.35 4.3 1504245.41 65045 0.00% 0.03 0.70%
20210329 4.29 4.29 4.35 4.27 1948624.35 83959 0.00% 0.05 1.18%
20210326 4.21 4.24 4.26 4.21 983461.02 41661 0.00% 0.01 0.24%
20210325 4.25 4.23 4.27 4.22 1150327.90 48849 0.00% 0.01 0.24%
20210324 4.21 4.22 4.24 4.19 1296931.26 54640 0.00% -0.04 -0.94%
20210323 4.29 4.26 4.3 4.22 1342536.18 57228 0.00% -0.03 -0.70%
20210322 4.27 4.29 4.31 4.27 1515974.65 65003 0.00% 0.03 0.70%
20210319 4.34 4.26 4.34 4.25 3079820.59 132272 0.00% -0.18 -4.05%
20210318 4.45 4.44 4.46 4.41 1382338.62 61251 0.00% -0.02 -0.45%
20210317 4.52 4.46 4.52 4.44 1502155.13 67169 0.00% -0.09 -1.98%
20210316 4.58 4.55 4.59 4.52 1161630.72 52834 0.00% -0.06 -1.30%
20210315 4.47 4.61 4.62 4.47 2365404.80 108176 0.00% 0.13 2.90%
20210312 4.5 4.48 4.52 4.43 1379804.72 61705 0.00% 0.00 0.00%
20210311 4.45 4.48 4.49 4.44 1198552.60 53502 0.00% 0.06 1.36%
